frame,time,proposal_score,anchor_score,floor_score,anchor_contact_state,human_contact_state,floor_contact_state,transition_contact_state,multi_contact_state,confidence_level,contact_part,contact_label,contact_side,anchor_type,min_object_boundary_gap_px,active_part_distance_px,contact_depth_offset_m,object_acceleration,support_surface_type,support_source,signed_support_gap_px,support_conf,active_object_point_id,active_object_u,active_object_v,state_active_part_u,state_active_part_v
1,0.000000,0.598591,0.340858,0.000000,1,1,0,1,0,proposal,hand,left_hand,left,hand,28.194815,28.194815,0.013022,,floor,generic_floor_candidates,-588.789105,0.000000,left,548.489,57.283,552.557,85.183
2,0.041667,0.798121,0.380591,0.000000,1,1,0,1,0,proposal,hand,left_hand,left,hand,29.687083,29.687083,0.013072,,floor,generic_floor_candidates,-588.822705,0.000000,left,548.798,57.155,553.764,86.424
3,0.083333,0.598591,0.339247,0.000000,1,1,0,1,0,proposal,hand,left_hand,left,hand,28.309926,28.309926,0.029345,,floor,generic_floor_candidates,-589.807125,0.000000,bottom,583.266,87.942,555.030,89.982
4,0.125000,0.399061,0.299174,0.000000,1,1,0,1,0,proposal,hand,left_hand,left,hand,26.939792,26.939792,0.036293,,floor,generic_floor_candidates,-590.513319,0.000000,bottom,582.106,87.969,556.530,96.432
5,0.166667,0.439636,0.351596,0.000000,1,1,0,1,0,proposal,hand,left_hand,left,hand,24.384967,24.384967,0.031218,,floor,generic_floor_candidates,-589.746155,0.000000,bottom,580.945,92.359,560.995,106.381
6,0.208333,0.586182,0.430959,0.000000,1,1,0,1,0,proposal,hand,left_hand,left,hand,22.311955,22.311955,-0.026275,,floor,generic_floor_candidates,-586.829840,0.000000,bottom,580.501,100.364,564.461,115.873
7,0.250000,0.439636,0.431085,0.000000,1,1,0,1,0,proposal,hand,left_hand,left,hand,19.862519,19.862519,0.008492,,floor,generic_floor_candidates,-581.437120,0.000000,bottom,579.563,111.470,566.792,126.683
8,0.291667,0.493644,0.493644,0.000000,1,1,0,1,0,soft,hand,left_hand,left,hand,14.041465,14.041465,-0.013647,,floor,generic_floor_candidates,-573.088415,0.000000,bottom,577.793,126.511,566.548,134.921
9,0.333333,0.528208,0.528208,0.000000,1,1,0,1,0,soft,hand,left_hand,left,hand,14.566109,14.566109,0.002849,,floor,generic_floor_candidates,-561.679322,0.000000,bottom,575.911,145.020,562.965,138.343
10,0.375000,1.000000,0.450263,0.075754,1,1,0,1,0,soft,hand,right_hand,right,hand,22.455255,22.455255,-0.066710,,floor,generic_floor_candidates,-548.697057,0.075754,bottom,575.761,160.002,597.463,154.234
11,0.416667,1.000000,0.400701,0.000000,1,1,0,1,0,proposal,hand,right_hand,right,hand,30.000358,30.000358,-0.025055,,floor,generic_floor_candidates,-550.481172,0.000000,right,605.834,121.958,588.762,146.627
12,0.458333,0.658905,0.308036,0.000000,1,1,0,1,0,proposal,hand,right_hand,right,hand,32.260955,32.260955,0.008363,,floor,generic_floor_candidates,-557.524252,0.000000,right,590.762,102.699,580.207,133.185
13,0.500000,0.749221,0.292602,0.000000,1,1,0,1,0,proposal,hand,right_hand,right,hand,36.825935,36.825935,-0.016968,,floor,generic_floor_candidates,-569.425808,0.000000,right,575.339,79.575,575.812,116.398
14,0.541667,0.998961,0.313143,0.000000,1,1,0,1,0,proposal,hand,right_hand,right,hand,49.035475,49.035475,0.067258,,floor,generic_floor_candidates,-585.522397,0.000000,right,567.422,53.832,576.845,101.954
15,0.583333,0.831676,0.250988,0.000000,1,1,0,1,0,proposal,hand,left_hand,left,hand,61.909240,61.909240,0.297489,,floor,generic_floor_candidates,-603.986709,0.000000,right,567.000,27.841,522.373,70.750
16,0.625000,0.623757,0.203422,0.000000,1,1,0,1,0,none,hand,left_hand,left,hand,47.753124,47.753124,0.020537,,floor,generic_floor_candidates,-618.845828,0.000000,grid_10_09,551.718,24.230,527.700,65.503
17,0.666667,0.415838,0.124751,0.000000,0,0,0,0,0,none,hand,left_hand,left,hand,inf,inf,2.974980,,floor,generic_floor_candidates,-632.703811,0.000000,sphere:surface,550.756,9.621,535.527,67.158
18,0.708333,0.000000,0.000000,0.000000,0,0,0,0,0,none,hand,left_hand,left,hand,inf,inf,0.172517,,floor,generic_floor_candidates,-648.083700,0.000000,sphere:surface,553.283,-9.131,542.497,73.103
19,0.750000,0.180873,0.000000,0.000000,0,0,0,0,0,none,hand,left_hand,left,hand,inf,inf,0.078263,,floor,generic_floor_candidates,-661.432621,0.000000,sphere:surface,555.563,-17.690,548.861,82.815
20,0.791667,0.000000,0.000000,0.000000,0,0,0,0,0,none,hand,left_hand,left,hand,inf,inf,0.035848,,floor,generic_floor_candidates,-672.473966,0.000000,sphere:surface,557.715,-23.330,554.196,94.719
21,0.833333,0.000000,0.000000,0.000000,0,0,0,0,0,none,hand,left_hand,left,hand,inf,inf,0.016761,,floor,generic_floor_candidates,-681.013208,0.000000,sphere:surface,559.703,-26.028,557.496,105.261
22,0.875000,0.000000,0.000000,0.000000,0,0,0,0,0,none,hand,left_hand,left,hand,inf,inf,0.008172,,floor,generic_floor_candidates,-686.914477,0.000000,sphere:surface,561.645,-25.774,559.896,114.601
23,0.916667,0.000000,0.000000,0.000000,0,0,0,0,0,none,hand,left_hand,left,hand,inf,inf,0.004307,,floor,generic_floor_candidates,-690.082666,0.000000,sphere:surface,563.645,-22.564,562.654,123.903
24,0.958333,0.000000,0.000000,0.000000,0,0,0,0,0,none,hand,left_hand,left,hand,inf,inf,0.002568,,floor,generic_floor_candidates,-690.451498,0.000000,sphere:surface,565.592,-16.402,564.402,130.783
25,1.000000,0.026647,0.000000,0.000000,0,0,0,0,0,none,hand,left_hand,left,hand,inf,inf,0.001156,,floor,generic_floor_candidates,-687.974280,0.000000,sphere:surface,567.504,-7.284,565.465,136.566
26,1.041667,0.352779,0.105834,0.000000,0,0,0,0,0,none,hand,left_hand,left,hand,inf,inf,2.700545,,floor,generic_floor_candidates,-682.618327,0.000000,sphere:surface,569.412,4.787,566.427,141.099
27,1.083333,0.529168,0.158750,0.000000,0,0,0,0,0,none,hand,left_hand,left,hand,inf,inf,2.673126,,floor,generic_floor_candidates,-673.312561,0.000000,sphere:surface,572.622,23.294,566.941,144.572
28,1.125000,0.705557,0.211667,0.000000,0,0,0,0,0,none,hand,left_hand,left,hand,118.418358,118.418358,-0.180466,,floor,generic_floor_candidates,-664.910024,0.000000,grid_10_09,587.243,30.904,567.137,147.603
29,1.166667,0.917711,0.158750,0.000000,0,0,0,0,0,none,hand,left_hand,left,hand,129.730150,129.730150,0.002637,,floor,generic_floor_candidates,-659.898248,0.000000,right,603.434,26.707,567.457,151.349
30,1.208333,0.352779,0.105834,0.000000,0,0,0,0,0,none,hand,left_hand,left,hand,102.083635,102.083635,-0.025887,,floor,generic_floor_candidates,-647.368106,0.000000,left,551.888,56.064,567.734,156.910
31,1.250000,0.322565,0.150896,0.000000,1,1,0,1,0,none,hand,left_hand,left,hand,38.761418,38.761418,-0.129761,,floor,generic_floor_candidates,-619.370305,0.000000,bottom,584.122,125.914,567.717,161.033
32,1.291667,1.000000,0.475307,0.094696,1,1,0,1,0,soft,hand,left_hand,left,hand,18.429532,18.429532,-0.350427,,floor,generic_floor_candidates,-588.107245,0.094696,bottom,582.196,165.197,564.251,160.998
33,1.333333,1.000000,0.625894,0.186433,1,1,0,1,0,soft,hand,left_hand,left,hand,14.287070,14.287070,-0.112718,,floor,generic_floor_candidates,-561.508603,0.186433,left,555.899,141.191,559.097,155.115
34,1.375000,1.000000,0.613413,0.088608,1,1,0,1,0,soft,hand,left_hand,left,hand,19.054820,19.054820,-0.090760,,floor,generic_floor_candidates,-547.916954,0.088608,left,553.054,123.711,549.817,142.489
35,1.416667,0.748369,0.452108,0.000000,1,1,0,1,0,soft,hand,right_hand,right,hand,23.911442,23.911442,-0.055996,,floor,generic_floor_candidates,-546.366899,0.000000,bottom,572.295,136.304,595.330,142.717
36,1.458333,0.595927,0.336524,0.000000,1,1,0,1,0,proposal,hand,left_hand,left,hand,28.448330,28.448330,-0.278810,,floor,generic_floor_candidates,-554.041861,0.000000,bottom,563.846,106.970,535.552,104.009
37,1.500000,0.794569,0.389208,0.000000,1,1,0,1,0,proposal,hand,left_hand,left,hand,28.953894,28.953894,-0.061135,,floor,generic_floor_candidates,-568.493834,0.000000,bottom,558.275,76.607,530.004,82.856
38,1.541667,0.815935,0.296152,0.000000,1,1,0,1,0,proposal,hand,left_hand,left,hand,31.636535,31.636535,0.149786,,floor,generic_floor_candidates,-585.491316,0.000000,bottom,554.983,51.898,527.385,67.365
39,1.583333,0.397285,0.220296,0.000000,1,1,0,1,0,none,hand,left_hand,left,hand,33.128870,33.128870,0.021793,,floor,generic_floor_candidates,-602.327253,0.000000,bottom,552.072,34.225,529.605,58.572
40,1.625000,0.045394,0.045394,0.000000,0,0,0,0,0,none,hand,left_hand,left,hand,40.205259,40.205259,0.373369,,floor,generic_floor_candidates,-617.985408,0.000000,bottom,549.536,21.082,533.424,57.918
41,1.666667,0.322565,0.103023,0.000000,0,0,0,0,0,none,hand,left_hand,left,hand,53.860485,53.860485,3.084106,,floor,generic_floor_candidates,-631.993217,0.000000,bottom,548.975,10.542,538.650,63.404
42,1.708333,0.483847,0.145820,0.000000,0,0,0,0,0,none,hand,left_hand,left,hand,65.973293,65.973293,3.153219,,floor,generic_floor_candidates,-642.548684,0.000000,bottom,546.937,7.733,541.695,73.498
43,1.750000,0.645129,0.193579,0.000000,0,0,0,0,0,none,hand,left_hand,left,hand,78.603148,78.603148,0.137900,,floor,generic_floor_candidates,-649.834310,0.000000,bottom,545.808,8.190,544.539,86.783
44,1.791667,0.483847,0.145158,0.000000,0,0,0,0,0,none,hand,left_hand,left,hand,87.941273,87.941273,-0.046628,,floor,generic_floor_candidates,-653.690449,0.000000,bottom,545.016,12.331,546.670,100.257
45,1.833333,0.322565,0.096770,0.000000,0,0,0,0,0,none,hand,left_hand,left,hand,92.591226,92.591226,0.540215,,floor,generic_floor_candidates,-653.523546,0.000000,bottom,543.137,21.832,547.458,114.322
46,1.875000,0.523099,0.000002,0.000000,0,0,0,0,0,none,hand,left_hand,left,hand,90.029299,90.029299,0.022864,,floor,generic_floor_candidates,-648.565914,0.000000,bottom,540.282,37.988,547.320,127.742
47,1.916667,0.870670,0.085524,0.000000,0,0,0,0,0,none,hand,left_hand,left,hand,79.247932,79.247932,0.014561,,floor,generic_floor_candidates,-638.636871,0.000000,bottom,538.837,59.631,545.288,138.616
48,1.958333,0.499347,0.152041,0.000000,0,0,0,0,0,none,hand,left_hand,left,hand,59.724631,59.724631,0.006973,,floor,generic_floor_candidates,-623.810941,0.000000,bottom,537.717,85.766,542.669,145.285
49,2.000000,1.000000,0.422867,0.000000,1,1,0,1,0,proposal,hand,left_hand,left,hand,25.719731,25.719731,-0.578178,,floor,generic_floor_candidates,-603.188391,0.000000,bottom,538.630,120.926,539.451,146.633
50,2.041667,1.000000,0.766705,0.000000,1,1,0,1,0,strong,hand,left_hand,left,hand,10.289416,10.289416,-0.807835,,floor,generic_floor_candidates,-584.348605,0.000000,bottom,536.019,134.740,535.635,145.022
51,2.083333,1.000000,0.430860,0.000000,1,1,0,1,0,proposal,hand,left_hand,left,hand,25.216660,25.216660,-0.680867,,floor,generic_floor_candidates,-576.525955,0.000000,bottom,536.568,117.019,534.806,142.174
52,2.125000,0.514490,0.178978,0.000000,1,1,0,1,0,none,hand,left_hand,left,hand,44.862399,44.862399,-0.091453,,floor,generic_floor_candidates,-577.558600,0.000000,bottom,536.952,95.006,537.009,139.868
53,2.166667,0.342994,0.103907,0.000000,0,0,0,0,0,none,hand,left_hand,left,hand,63.897680,63.897680,-0.012017,,floor,generic_floor_candidates,-583.508952,0.000000,bottom,539.853,76.139,540.900,140.028
54,2.208333,0.299515,0.000013,0.000000,0,0,0,0,0,none,hand,left_hand,left,hand,83.178084,83.178084,0.162455,,floor,generic_floor_candidates,-591.967198,0.000000,bottom,542.187,59.750,545.653,142.856
55,2.250000,0.201008,0.000000,0.000000,0,0,0,0,0,none,hand,left_hand,left,hand,96.074650,96.074650,0.167883,,floor,generic_floor_candidates,-600.941970,0.000000,right,575.857,54.010,549.209,146.315
56,2.291667,0.000000,0.000000,0.000000,0,0,0,0,0,none,hand,left_hand,left,hand,104.990067,104.990067,0.055881,,floor,generic_floor_candidates,-608.747711,0.000000,right,577.342,48.372,552.424,150.362
57,2.333333,0.000000,0.000000,0.000000,0,0,0,0,0,none,hand,left_hand,left,hand,109.314734,109.314734,0.061349,,floor,generic_floor_candidates,-614.930529,0.000000,right,579.002,45.554,555.763,152.370
58,2.375000,0.356719,0.107016,0.000000,0,0,0,0,0,none,hand,left_hand,left,hand,106.968526,106.968526,0.037631,,floor,generic_floor_candidates,-618.944402,0.000000,right,580.408,48.535,558.502,153.236
59,2.416667,0.535079,0.160524,0.000000,0,0,0,0,0,none,hand,left_hand,left,hand,100.044818,100.044818,0.086099,,floor,generic_floor_candidates,-620.353113,0.000000,right,581.982,55.380,560.484,153.088
60,2.458333,0.713439,0.214034,0.000000,0,0,0,0,0,none,hand,left_hand,left,hand,88.948214,88.948214,0.023099,,floor,generic_floor_candidates,-617.944411,0.000000,right,582.618,66.855,561.290,153.208
61,2.500000,0.535079,0.160621,0.000000,0,0,0,0,0,none,hand,left_hand,left,hand,74.834801,74.834801,0.011697,,floor,generic_floor_candidates,-611.577419,0.000000,right,583.311,82.558,561.925,154.272
62,2.541667,0.499109,0.151618,0.000000,0,0,0,0,0,none,hand,left_hand,left,hand,60.645783,60.645783,-0.013476,,floor,generic_floor_candidates,-601.570225,0.000000,right,584.119,101.083,560.400,156.898
63,2.583333,0.748664,0.255770,0.000000,1,1,0,1,0,proposal,hand,left_hand,left,hand,43.128154,43.128154,-0.131246,,floor,generic_floor_candidates,-587.505589,0.000000,right,585.751,124.667,559.335,158.758
64,2.625000,0.998219,0.394474,0.000000,1,1,0,1,0,proposal,hand,left_hand,left,hand,33.732122,33.732122,-0.303147,,floor,generic_floor_candidates,-570.816144,0.000000,right,587.539,147.152,556.095,159.364
65,2.666667,1.000000,0.335378,0.000000,1,1,0,1,0,proposal,hand,left_hand,left,hand,32.223382,32.223382,-0.392790,,floor,generic_floor_candidates,-563.593032,0.000000,left,564.551,126.845,550.192,155.692
66,2.708333,1.000000,0.423981,0.000000,1,1,0,1,0,proposal,hand,left_hand,left,hand,30.109611,30.109611,-0.360525,,floor,generic_floor_candidates,-559.416154,0.000000,left,562.562,123.655,543.368,146.854
67,2.750000,0.751737,0.275090,0.000000,1,1,0,1,0,proposal,hand,left_hand,left,hand,38.045252,38.045252,-0.132475,,floor,generic_floor_candidates,-563.047340,0.000000,left,558.834,103.405,535.454,133.419
68,2.791667,0.480374,0.176887,0.000000,1,1,0,1,0,none,hand,left_hand,left,hand,42.749567,42.749567,-0.355663,,floor,generic_floor_candidates,-573.197169,0.000000,left,552.391,78.131,530.505,114.853
69,2.833333,0.156530,0.013415,0.000000,0,0,0,0,0,none,hand,left_hand,left,hand,49.054731,49.054731,-0.363594,,floor,generic_floor_candidates,-588.589850,0.000000,left,547.618,50.781,526.811,95.205
70,2.875000,0.865958,0.001997,0.000000,0,0,0,0,0,none,hand,left_hand,left,hand,60.336413,60.336413,-0.035631,,floor,generic_floor_candidates,-607.720627,0.000000,left,547.119,22.951,525.337,79.218
71,2.916667,0.219491,0.015742,0.000000,0,0,0,0,0,none,hand,left_hand,left,hand,47.986879,47.986879,0.226892,,floor,generic_floor_candidates,-620.250570,0.000000,grid_10_07,549.065,25.797,528.971,69.374
72,2.958333,0.000000,0.000000,0.000000,0,0,0,0,0,none,hand,left_hand,left,hand,inf,inf,3.377932,,floor,generic_floor_candidates,-630.594431,0.000000,sphere:surface,560.270,18.218,532.593,64.536
73,3.000000,0.000000,0.000000,0.000000,0,0,0,0,0,none,hand,left_hand,left,hand,inf,inf,3.482511,,floor,generic_floor_candidates,-642.194133,0.000000,sphere:surface,561.403,4.723,538.290,64.813
74,3.041667,0.000000,0.000000,0.000000,0,0,0,0,0,none,hand,left_hand,left,hand,inf,inf,0.022997,,floor,generic_floor_candidates,-653.863225,0.000000,sphere:surface,563.550,-6.667,542.655,70.408
75,3.083333,0.000000,0.000000,0.000000,0,0,0,0,0,none,hand,left_hand,left,hand,inf,inf,0.010348,,floor,generic_floor_candidates,-664.966189,0.000000,sphere:surface,565.245,-16.249,545.402,80.289
76,3.125000,0.000000,0.000000,0.000000,0,0,0,0,0,none,hand,left_hand,left,hand,inf,inf,0.016285,,floor,generic_floor_candidates,-675.058764,0.000000,sphere:surface,566.739,-23.878,548.170,90.719
77,3.166667,0.325115,0.097534,0.000000,0,0,0,0,0,none,hand,left_hand,left,hand,inf,inf,0.018957,,floor,generic_floor_candidates,-683.829666,0.000000,sphere:surface,568.135,-29.504,551.081,100.629
78,3.208333,0.487672,0.146302,0.000000,0,0,0,0,0,none,hand,left_hand,left,hand,inf,inf,0.020159,,floor,generic_floor_candidates,-691.060698,0.000000,sphere:surface,569.377,-33.117,552.700,110.639
79,3.250000,0.650230,0.195069,0.000000,0,0,0,0,0,none,hand,left_hand,left,hand,inf,inf,0.020700,,floor,generic_floor_candidates,-696.600020,0.000000,sphere:surface,570.614,-34.692,554.303,119.508
80,3.291667,0.487672,0.146302,0.000000,0,0,0,0,0,none,hand,left_hand,left,hand,inf,inf,0.020943,,floor,generic_floor_candidates,-700.340146,0.000000,sphere:surface,571.851,-34.226,555.581,128.859
81,3.333333,0.325115,0.097534,0.000000,0,0,0,0,0,none,hand,left_hand,left,hand,inf,inf,0.021053,,floor,generic_floor_candidates,-702.206734,0.000000,sphere:surface,573.108,-31.717,556.794,137.179
82,3.375000,0.287232,0.086170,0.000000,0,0,0,0,0,none,hand,left_hand,left,hand,inf,inf,0.021102,,floor,generic_floor_candidates,-702.147145,0.000000,sphere:surface,574.376,-27.164,557.840,143.663
83,3.416667,0.430848,0.129254,0.000000,0,0,0,0,0,none,hand,left_hand,left,hand,inf,inf,0.021124,,floor,generic_floor_candidates,-700.124833,0.000000,sphere:surface,575.695,-20.563,559.168,148.766
84,3.458333,0.574464,0.172339,0.000000,0,0,0,0,0,none,hand,left_hand,left,hand,inf,inf,0.021134,,floor,generic_floor_candidates,-696.114215,0.000000,sphere:surface,577.165,-11.906,562.049,152.427
85,3.500000,0.430848,0.129254,0.000000,0,0,0,0,0,none,hand,left_hand,left,hand,inf,inf,3.107280,,floor,generic_floor_candidates,-690.097382,0.000000,sphere:surface,578.605,-1.209,564.164,154.704
86,3.541667,0.287232,0.086170,0.000000,0,0,0,0,0,none,hand,left_hand,left,hand,inf,inf,2.982376,,floor,generic_floor_candidates,-679.330899,0.000000,sphere:surface,579.568,20.627,565.746,156.167
87,3.583333,0.000000,0.000000,0.000000,0,0,0,0,0,none,hand,left_hand,left,hand,136.882237,136.882237,0.024152,,floor,generic_floor_candidates,-672.018761,0.000000,grid_10_05,578.939,21.225,567.172,157.601
88,3.625000,0.346136,0.000000,0.000000,0,0,0,0,0,none,hand,left_hand,left,hand,136.865235,136.865235,0.033974,,floor,generic_floor_candidates,-666.119964,0.000000,left,558.216,22.988,567.802,159.517
89,3.666667,0.319279,0.000001,0.000000,0,0,0,0,0,none,hand,left_hand,left,hand,93.746038,93.746038,0.007870,,floor,generic_floor_candidates,-648.972606,0.000000,bottom,584.276,69.856,568.289,162.229
90,3.708333,0.000230,0.000230,0.000000,0,0,0,0,0,none,hand,left_hand,left,hand,70.998060,70.998060,-0.047664,,floor,generic_floor_candidates,-629.323656,0.000000,bottom,583.988,95.620,567.922,164.776
91,3.750000,0.012713,0.012713,0.000000,0,0,0,0,0,none,hand,left_hand,left,hand,49.408784,49.408784,-0.082548,,floor,generic_floor_candidates,-607.869591,0.000000,bottom,583.733,121.307,567.256,167.887
92,3.791667,0.236125,0.236125,0.030630,0,0,0,0,0,none,hand,left_hand,left,hand,23.407701,23.407701,-0.266064,,floor,generic_floor_candidates,-583.349245,0.030630,bottom,582.701,153.525,566.096,170.024
93,3.833333,1.000000,0.422207,0.152266,1,1,0,1,0,proposal,hand,left_hand,left,hand,21.308651,21.308651,-0.147616,,floor,generic_floor_candidates,-559.933903,0.152266,bottom,584.328,173.894,563.484,169.471
94,3.875000,1.000000,0.636767,0.207080,1,1,0,1,0,soft,hand,left_hand,left,hand,13.633372,13.633372,-0.084694,,floor,generic_floor_candidates,-540.726164,0.207080,left,560.415,152.399,561.128,166.014
95,3.916667,1.000000,0.666469,0.040740,1,1,0,1,0,soft,hand,left_hand,left,hand,16.141336,16.141336,0.003028,,floor,generic_floor_candidates,-535.829246,0.040740,left,557.595,141.578,555.627,157.599
96,3.958333,0.746390,0.554322,0.053133,1,1,0,1,0,soft,hand,left_hand,left,hand,18.171944,18.171944,-0.006510,,floor,generic_floor_candidates,-531.764504,0.053133,left,553.753,125.403,549.175,142.989
97,4.000000,0.497594,0.385996,0.000000,1,1,0,1,0,proposal,hand,right_hand,right,hand,23.372973,23.372973,-0.005044,,floor,generic_floor_candidates,-535.346084,0.000000,bottom,576.137,133.730,597.877,142.313
98,4.041667,0.157384,0.157384,0.000000,0,0,0,0,0,none,hand,left_hand,left,hand,28.474478,28.474478,0.036570,,floor,generic_floor_candidates,-549.297591,0.000000,left,543.603,79.986,536.694,107.609
99,4.083333,0.090818,0.090818,0.000000,0,0,0,0,0,none,hand,left_hand,left,hand,34.162653,34.162653,0.069294,,floor,generic_floor_candidates,-561.484645,0.000000,left,540.199,56.489,533.385,89.965
100,4.125000,0.406020,0.051368,0.000000,0,0,0,0,0,none,hand,left_hand,left,hand,39.196261,39.196261,0.095140,,floor,generic_floor_candidates,-576.741883,0.000000,bottom,568.586,64.861,531.648,77.974
101,4.166667,0.375554,0.022668,0.000000,0,0,0,0,0,none,hand,left_hand,left,hand,45.458178,45.458178,0.163842,,floor,generic_floor_candidates,-593.104850,0.000000,bottom,569.309,44.968,532.831,72.094
102,4.208333,0.005002,0.005002,0.000000,0,0,0,0,0,none,hand,left_hand,left,hand,55.187800,55.187800,0.171041,,floor,generic_floor_candidates,-609.433326,0.000000,bottom,569.483,27.887,535.783,71.590
103,4.250000,0.291202,0.087843,0.000000,0,0,0,0,0,none,hand,left_hand,left,hand,67.535952,67.535952,0.666810,,floor,generic_floor_candidates,-624.251460,0.000000,bottom,571.492,16.084,540.198,75.932
104,4.291667,0.436802,0.131065,0.000000,0,0,0,0,0,none,hand,left_hand,left,hand,80.609937,80.609937,0.330415,,floor,generic_floor_candidates,-636.543854,0.000000,grid_11_06,574.270,9.693,544.605,84.646
105,4.333333,0.582403,0.174721,0.000000,0,0,0,0,0,none,hand,left_hand,left,hand,98.042344,98.042344,3.033688,,floor,generic_floor_candidates,-646.909829,0.000000,bottom,584.282,3.814,547.838,94.831
106,4.375000,0.436802,0.131041,0.000000,0,0,0,0,0,none,hand,left_hand,left,hand,106.563481,106.563481,0.238288,,floor,generic_floor_candidates,-654.046312,0.000000,bottom,585.358,4.213,550.962,105.073
107,4.416667,0.291202,0.087360,0.000000,0,0,0,0,0,none,hand,left_hand,left,hand,114.320007,114.320007,0.082238,,floor,generic_floor_candidates,-658.315850,0.000000,bottom,587.185,6.633,552.605,115.598
108,4.458333,0.000000,0.000000,0.000000,0,0,0,0,0,none,hand,left_hand,left,hand,119.039840,119.039840,0.037406,,floor,generic_floor_candidates,-659.713027,0.000000,left,547.534,7.334,553.654,126.216
109,4.500000,0.000000,0.000000,0.000000,0,0,0,0,0,none,hand,left_hand,left,hand,120.186787,120.186787,0.292446,,floor,generic_floor_candidates,-657.471750,0.000000,bottom,589.607,22.927,554.092,137.747
110,4.541667,0.423612,0.000000,0.000000,0,0,0,0,0,none,hand,left_hand,left,hand,116.355260,116.355260,-0.075185,,floor,generic_floor_candidates,-651.218057,0.000000,bottom,589.557,38.827,553.786,149.547
111,4.583333,0.586630,0.000000,0.000000,0,0,0,0,0,none,hand,left_hand,left,hand,107.786457,107.786457,-0.037115,,floor,generic_floor_candidates,-640.762171,0.000000,bottom,589.634,59.497,553.671,161.107
112,4.625000,0.295562,0.000001,0.000000,0,0,0,0,0,none,hand,right_hand,right,hand,93.037251,93.037251,0.065581,,floor,generic_floor_candidates,-626.151851,0.000000,bottom,590.835,83.793,605.578,175.655
113,4.666667,0.499123,0.149897,0.000000,0,0,0,0,0,none,hand,right_hand,right,hand,72.632913,72.632913,-0.105896,,floor,generic_floor_candidates,-608.004028,0.000000,bottom,592.448,110.023,604.126,181.711
114,4.708333,1.000000,0.252791,0.000000,1,1,0,1,0,proposal,hand,right_hand,right,hand,43.877952,43.877952,-0.228200,,floor,generic_floor_candidates,-586.086051,0.000000,bottom,592.797,140.805,602.236,183.656
115,4.750000,1.000000,0.710818,0.142611,1,1,0,1,0,strong,hand,right_hand,right,hand,13.719913,13.719913,-0.501657,,floor,generic_floor_candidates,-562.345867,0.142611,bottom,591.321,169.124,598.950,180.527
116,4.791667,1.000000,0.597103,0.095169,1,1,0,1,0,soft,hand,right_hand,right,hand,16.113793,16.113793,-0.537270,,floor,generic_floor_candidates,-548.165839,0.095169,bottom,587.760,161.141,597.546,173.943
117,4.833333,0.571714,0.335955,0.000000,1,1,0,1,0,proposal,hand,right_hand,right,hand,27.970926,27.970926,-0.663160,,floor,generic_floor_candidates,-544.475319,0.000000,bottom,586.312,140.661,599.505,165.325
118,4.875000,0.600589,0.214695,0.000000,1,1,0,1,0,none,hand,right_hand,right,hand,42.355013,42.355013,-0.519135,,floor,generic_floor_candidates,-548.688455,0.000000,bottom,585.483,118.028,603.782,156.226
119,4.916667,0.450442,0.138598,0.000000,0,0,0,0,0,none,hand,right_hand,right,hand,57.302318,57.302318,0.018273,,floor,generic_floor_candidates,-557.455850,0.000000,bottom,584.674,98.827,608.550,150.918
120,4.958333,0.450442,0.135408,0.000000,0,0,0,0,0,none,hand,left_hand,left,hand,70.171499,70.171499,-0.005026,,floor,generic_floor_candidates,-568.385526,0.000000,bottom,584.534,83.029,548.479,143.229
121,5.000000,0.600589,0.180233,0.000000,0,0,0,0,0,none,hand,left_hand,left,hand,77.180930,77.180930,0.037350,,floor,generic_floor_candidates,-579.801900,0.000000,bottom,583.207,70.726,552.833,141.679
122,5.041667,0.450442,0.135142,0.000000,0,0,0,0,0,none,hand,left_hand,left,hand,84.315950,84.315950,0.076459,,floor,generic_floor_candidates,-590.364662,0.000000,bottom,582.720,62.165,556.887,142.426
123,5.083333,0.300295,0.090092,0.000000,0,0,0,0,0,none,hand,left_hand,left,hand,87.466345,87.466345,0.114302,,floor,generic_floor_candidates,-599.043795,0.000000,bottom,582.391,57.927,560.067,142.496
124,5.125000,0.000000,0.000000,0.000000,0,0,0,0,0,none,hand,left_hand,left,hand,101.639655,101.639655,0.053443,,floor,generic_floor_candidates,-609.651588,0.000000,left,551.596,41.799,562.215,142.882
125,5.166667,0.300295,0.090088,0.000000,0,0,0,0,0,none,hand,left_hand,left,hand,99.237563,99.237563,0.017612,,floor,generic_floor_candidates,-615.798143,0.000000,left,552.259,45.408,564.239,143.920
126,5.208333,0.450442,0.135133,0.000000,0,0,0,0,0,none,hand,left_hand,left,hand,95.088268,95.088268,0.035745,,floor,generic_floor_candidates,-618.251832,0.000000,left,554.308,51.039,565.936,145.414
127,5.250000,0.600589,0.180181,0.000000,0,0,0,0,0,none,hand,left_hand,left,hand,86.922106,86.922106,0.074082,,floor,generic_floor_candidates,-616.230514,0.000000,left,555.750,60.691,566.233,146.979
128,5.291667,0.450442,0.135160,0.000000,0,0,0,0,0,none,hand,left_hand,left,hand,80.075728,80.075728,-0.037404,,floor,generic_floor_candidates,-609.763591,0.000000,right,607.498,82.068,565.167,150.040
129,5.333333,0.495182,0.148995,0.000000,0,0,0,0,0,none,hand,left_hand,left,hand,67.976928,67.976928,-0.107539,,floor,generic_floor_candidates,-599.332145,0.000000,right,610.107,101.786,563.738,151.493
130,5.375000,0.893087,0.247545,0.000000,1,1,0,1,0,none,hand,right_hand,right,hand,44.838262,44.838262,-0.229111,,floor,generic_floor_candidates,-585.077333,0.000000,right,612.207,124.927,600.070,168.091
131,5.416667,1.000000,0.519188,0.000000,1,1,0,1,0,soft,hand,right_hand,right,hand,24.241725,24.241725,-0.114458,,floor,generic_floor_candidates,-568.976865,0.000000,right,611.291,145.299,592.129,160.148
132,5.458333,1.000000,0.489244,0.000000,1,1,0,1,0,soft,hand,right_hand,right,hand,21.673011,21.673011,-0.312106,,floor,generic_floor_candidates,-560.199237,0.000000,right,604.852,137.023,586.310,148.244
133,5.500000,0.495440,0.403372,0.000000,1,1,0,1,0,proposal,hand,right_hand,right,hand,22.328315,22.328315,-0.404877,,floor,generic_floor_candidates,-561.832998,0.000000,right,591.378,111.081,584.027,132.165
134,5.541667,0.303606,0.176610,0.000000,1,1,0,1,0,none,hand,right_hand,right,hand,34.727140,34.727140,-0.390404,,floor,generic_floor_candidates,-571.531130,0.000000,right,571.941,82.667,583.737,115.329
135,5.583333,0.686406,0.206697,0.000000,1,1,0,1,0,none,hand,left_hand,left,hand,36.539219,36.539219,-0.037083,,floor,generic_floor_candidates,-585.338022,0.000000,right,545.042,59.182,519.670,85.476
136,5.625000,0.607211,0.243011,0.000000,1,1,0,1,0,none,hand,left_hand,left,hand,37.770433,37.770433,-0.026925,,floor,generic_floor_candidates,-600.956347,0.000000,right,520.205,37.512,518.479,75.243
137,5.666667,0.455408,0.140721,0.000000,0,0,0,0,0,none,hand,left_hand,left,hand,56.345392,56.345392,3.233619,,floor,generic_floor_candidates,-617.067775,0.000000,right,496.152,20.250,522.356,70.131
138,5.708333,0.303606,0.091082,0.000000,0,0,0,0,0,none,hand,left_hand,left,hand,inf,inf,1.557345,,floor,generic_floor_candidates,-628.538974,0.000000,sphere:surface,477.048,15.812,528.338,69.438
139,5.750000,0.000000,0.000000,0.000000,0,0,0,0,0,none,hand,left_hand,left,hand,inf,inf,0.747803,,floor,generic_floor_candidates,-641.178313,0.000000,sphere:surface,451.977,2.988,535.663,73.472
140,5.791667,0.000000,0.000000,0.000000,0,0,0,0,0,none,hand,left_hand,left,hand,inf,inf,0.289810,,floor,generic_floor_candidates,-649.490951,0.000000,sphere:surface,431.028,4.010,541.708,82.445
141,5.833333,0.000000,0.000000,0.000000,0,0,0,0,0,none,hand,left_hand,left,hand,inf,inf,0.120582,,floor,generic_floor_candidates,-654.775197,0.000000,sphere:surface,410.032,5.070,547.255,94.463
142,5.875000,0.000000,0.000000,0.000000,0,0,0,0,0,none,hand,left_hand,left,hand,inf,inf,0.023967,,floor,generic_floor_candidates,-657.939270,0.000000,sphere:surface,389.025,6.135,551.186,106.235
143,5.916667,0.000000,0.000000,0.000000,0,0,0,0,0,none,hand,left_hand,left,hand,inf,inf,0.008353,,floor,generic_floor_candidates,-659.618920,0.000000,sphere:surface,367.976,7.266,551.811,118.683
144,5.958333,0.000000,0.000000,0.000000,0,0,0,0,0,none,hand,left_hand,left,hand,inf,inf,0.296436,,floor,generic_floor_candidates,-660.260076,0.000000,sphere:surface,346.837,8.544,548.365,133.928
145,6.000000,0.000000,0.000000,0.000000,0,0,0,0,0,none,hand,left_hand,left,hand,inf,inf,0.305988,,floor,generic_floor_candidates,-660.173985,0.000000,sphere:surface,325.579,10.002,545.179,155.514
146,6.041667,0.000000,0.000000,0.000000,0,0,0,0,0,none,hand,left_hand,left,hand,inf,inf,1.402389,,floor,generic_floor_candidates,-655.941921,0.000000,sphere:surface,311.027,20.742,539.240,181.918
147,6.083333,0.207510,0.000000,0.000000,0,0,0,0,0,none,hand,left_hand,left,hand,inf,inf,1.825012,,floor,generic_floor_candidates,-647.991976,0.000000,sphere:surface,295.449,34.352,533.444,211.633
148,6.125000,0.670908,0.000000,0.000000,0,0,0,0,0,none,hand,left_hand,left,hand,inf,inf,1.952294,,floor,generic_floor_candidates,-637.176415,0.000000,sphere:surface,278.173,49.553,530.361,243.517
149,6.166667,0.358163,0.000000,0.000000,0,0,0,0,0,none,hand,left_hand,left,hand,inf,inf,1.452414,,floor,generic_floor_candidates,-622.391722,0.000000,sphere:surface,254.799,72.730,532.556,281.486
150,6.208333,0.000000,0.000000,0.000000,0,0,0,0,0,none,hand,left_hand,left,hand,inf,inf,1.862597,,floor,generic_floor_candidates,-603.805637,0.000000,sphere:surface,231.133,99.093,539.931,316.027
151,6.250000,0.000000,0.000000,0.000292,0,0,0,0,0,none,hand,left_hand,left,hand,inf,inf,0.365332,,floor,generic_floor_candidates,-582.063577,0.000292,sphere:surface,206.979,126.902,552.697,343.525
152,6.291667,0.000000,0.000000,0.193543,0,0,0,0,0,none,hand,left_hand,left,hand,inf,inf,1.763171,,floor,generic_floor_candidates,-556.912636,0.193543,sphere:surface,182.535,157.796,567.289,361.995
153,6.333333,0.000000,0.000000,0.410412,0,0,0,0,0,none,hand,left_hand,left,hand,inf,inf,0.352022,,floor,generic_floor_candidates,-528.161677,0.410412,sphere:surface,158.394,192.331,582.752,376.824
154,6.375000,0.000000,0.000000,0.640007,0,0,0,0,0,none,hand,left_hand,left,hand,inf,inf,1.608971,,floor,generic_floor_candidates,-496.236705,0.640007,sphere:surface,133.337,228.703,594.259,385.166
155,6.416667,0.000000,0.000000,0.880927,0,0,0,0,0,none,hand,left_hand,left,hand,inf,inf,1.696459,,floor,generic_floor_candidates,-461.507925,0.880927,sphere:surface,107.962,267.084,602.633,389.971
156,6.458333,0.348026,0.000000,1.000000,0,0,0,0,0,none,hand,left_hand,left,hand,inf,inf,1.574185,,floor,generic_floor_candidates,-423.161379,1.000000,sphere:surface,81.511,310.101,606.156,391.708
157,6.500000,0.505706,0.000000,1.000000,0,0,0,0,0,none,hand,left_hand,left,hand,inf,inf,1.283815,,floor,generic_floor_candidates,-382.802897,1.000000,sphere:surface,58.764,354.424,607.605,391.775
158,6.541667,0.189590,0.000000,1.000000,0,0,0,0,0,none,hand,left_hand,left,hand,inf,inf,1.166203,,floor,generic_floor_candidates,-342.670460,1.000000,sphere:surface,32.634,403.637,604.450,390.755
159,6.583333,0.164834,0.000000,1.000000,0,0,0,0,0,none,hand,left_hand,left,hand,inf,inf,1.138431,,floor,generic_floor_candidates,-294.973053,1.000000,sphere:surface,35.847,452.593,599.176,389.148
160,6.625000,0.499855,0.149956,1.000000,0,0,0,0,0,none,hand,left_hand,left,hand,inf,inf,1.088785,,floor,generic_floor_candidates,-244.934269,1.000000,sphere:surface,25.329,507.045,592.513,386.654
161,6.666667,1.000000,0.224935,1.000000,0,0,0,0,0,none,hand,left_hand,left,hand,inf,inf,-0.822539,,floor,generic_floor_candidates,-191.689020,1.000000,sphere:surface,19.505,581.019,592.104,668.958
162,6.708333,1.000000,0.299913,1.000000,0,0,1,1,0,strong,floor,floor,,hand,inf,inf,-2.015403,,floor,generic_floor_candidates,-120.619267,1.000000,sphere:surface,18.995,645.049,590.708,669.124
163,6.750000,1.000000,0.225000,1.000000,0,0,0,0,0,none,hand,left_hand,left,hand,inf,inf,0.842249,,floor,generic_floor_candidates,-112.344524,1.000000,sphere:surface,21.105,489.775,567.029,370.144
164,6.791667,1.000000,0.300000,1.000000,0,0,0,0,0,proposal,hand,left_hand,left,hand,inf,inf,0.947606,,floor,generic_floor_candidates,-149.087529,1.000000,sphere:surface,6.829,416.861,558.580,361.418
165,6.833333,0.999036,0.225000,1.000000,0,0,0,0,0,none,hand,left_hand,left,hand,inf,inf,0.912383,,floor,generic_floor_candidates,-184.500329,1.000000,sphere:surface,30.002,371.414,550.508,350.490
166,6.875000,0.500000,0.150000,1.000000,0,0,0,0,0,none,hand,left_hand,left,hand,inf,inf,1.051484,,floor,generic_floor_candidates,-219.764746,1.000000,sphere:surface,52.874,328.281,542.365,339.065
167,6.916667,0.416370,0.000000,1.000000,0,0,0,0,0,none,hand,left_hand,left,hand,inf,inf,1.178541,,floor,generic_floor_candidates,-255.722810,1.000000,sphere:surface,71.614,289.607,536.324,327.324
168,6.958333,0.112832,0.000000,0.824613,0,0,0,0,0,none,hand,left_hand,left,hand,inf,inf,0.318668,,floor,generic_floor_candidates,-292.660779,0.824613,sphere:surface,92.626,254.506,529.692,315.913
169,7.000000,0.000000,0.000000,0.613511,0,0,0,0,0,none,hand,left_hand,left,hand,inf,inf,0.203717,,floor,generic_floor_candidates,-329.704409,0.613511,sphere:surface,117.214,220.506,524.719,301.357
170,7.041667,0.069644,0.000000,0.426354,0,0,0,0,0,none,hand,left_hand,left,hand,inf,inf,0.048517,,floor,generic_floor_candidates,-365.557587,0.426354,sphere:surface,142.410,190.252,518.779,286.817
171,7.083333,0.050628,0.000000,0.268170,0,0,0,0,0,none,hand,left_hand,left,hand,inf,inf,0.366795,,floor,generic_floor_candidates,-399.058115,0.268170,sphere:surface,168.758,164.634,514.621,272.120
172,7.125000,0.065012,0.000000,0.124316,0,0,0,0,0,none,hand,left_hand,left,hand,inf,inf,0.176873,,floor,generic_floor_candidates,-430.147897,0.124316,sphere:surface,194.084,141.670,509.955,255.220
173,7.166667,0.000000,0.000000,0.011623,0,0,0,0,0,none,hand,left_hand,left,hand,inf,inf,2.076431,,floor,generic_floor_candidates,-459.920859,0.011623,sphere:surface,219.852,123.523,507.829,238.333
174,7.208333,0.000000,0.000000,0.000000,0,0,0,0,0,none,hand,left_hand,left,hand,inf,inf,2.009328,,floor,generic_floor_candidates,-485.700233,0.000000,sphere:surface,246.005,108.246,506.116,221.280
175,7.250000,0.023460,0.000000,0.000000,0,0,0,0,0,none,hand,left_hand,left,hand,inf,inf,0.186265,,floor,generic_floor_candidates,-507.848895,0.000000,sphere:surface,272.612,95.760,506.256,205.819
176,7.291667,0.000000,0.000000,0.000000,0,0,0,0,0,none,hand,left_hand,left,hand,inf,inf,0.287067,,floor,generic_floor_candidates,-525.900858,0.000000,sphere:surface,299.758,87.924,506.553,190.090
177,7.333333,0.000000,0.000000,0.000000,0,0,0,0,0,none,hand,left_hand,left,hand,235.646038,235.646038,-0.045460,,floor,generic_floor_candidates,-547.827632,0.000000,grid_08_05,292.964,77.512,506.737,176.658
178,7.375000,0.031672,0.000000,0.000000,0,0,0,0,0,none,hand,left_hand,left,hand,202.028976,202.028976,-0.040143,,floor,generic_floor_candidates,-563.557974,0.000000,grid_05_08,331.037,65.924,507.267,164.710
179,7.416667,0.015195,0.000000,0.000000,0,0,0,0,0,none,hand,left_hand,left,hand,169.613977,169.613977,-0.022212,,floor,generic_floor_candidates,-573.876813,0.000000,grid_05_08,362.055,69.274,509.004,153.979
180,7.458333,0.000000,0.000000,0.000000,0,0,0,0,0,none,hand,left_hand,left,hand,137.577632,137.577632,-0.014330,,floor,generic_floor_candidates,-579.386401,0.000000,grid_05_08,393.239,75.159,511.125,146.085
181,7.500000,0.000000,0.000000,0.000000,0,0,0,0,0,none,hand,left_hand,left,hand,104.615752,104.615752,-0.108819,,floor,generic_floor_candidates,-580.669112,0.000000,grid_05_08,424.840,82.840,511.221,141.854
182,7.541667,0.000156,0.000156,0.000000,0,0,0,0,0,none,hand,left_hand,left,hand,72.754599,72.754599,-0.164656,,floor,generic_floor_candidates,-576.921210,0.000000,grid_05_08,456.145,95.073,511.661,142.096
183,7.583333,0.106078,0.106078,0.000000,0,0,0,0,0,none,hand,left_hand,left,hand,32.656393,32.656393,-0.294998,,floor,generic_floor_candidates,-570.643979,0.000000,grid_08_07,491.116,121.431,513.317,145.380
184,7.625000,1.000000,0.674707,0.052444,1,1,0,1,0,soft,hand,left_hand,left,hand,5.509942,5.509942,-0.273426,,floor,generic_floor_candidates,-556.170217,0.052444,bottom,521.294,152.513,516.429,149.926
185,7.666667,1.000000,0.612516,0.129330,1,1,0,1,0,soft,hand,right_hand,right,hand,15.053398,15.053398,-0.087343,,floor,generic_floor_candidates,-542.087283,0.129330,bottom,538.050,165.684,552.986,163.808
186,7.708333,0.999202,0.751550,0.170403,1,1,0,1,0,strong,hand,right_hand,right,hand,11.289968,11.289968,-0.022526,,floor,generic_floor_candidates,-530.118430,0.170403,bottom,545.486,172.720,556.694,171.364
187,7.750000,0.749402,0.715674,0.228405,1,1,0,1,0,strong,hand,right_hand,right,hand,8.586329,8.586329,-0.020414,,floor,generic_floor_candidates,-518.759432,0.228405,bottom,551.624,182.656,560.202,183.041
188,7.791667,0.668826,0.668826,0.301788,1,1,0,1,0,soft,hand,right_hand,right,hand,7.649757,7.649757,0.033355,,floor,generic_floor_candidates,-507.036834,0.301788,bottom,555.559,195.227,563.131,196.315
189,7.833333,0.629035,0.629035,0.400465,1,1,0,1,0,soft,hand,right_hand,right,hand,6.216720,6.216720,0.053220,,floor,generic_floor_candidates,-493.759816,0.400465,bottom,557.674,212.131,563.325,214.722
190,7.875000,0.519664,0.519664,0.509078,0,0,0,0,0,soft,hand,right_hand,right,hand,6.063404,6.063404,-0.010907,,floor,generic_floor_candidates,-478.884102,0.509078,bottom,558.262,230.737,562.901,234.641
191,7.916667,0.498251,0.498251,0.629044,0,0,0,0,0,soft,hand,right_hand,right,hand,8.002010,8.002010,0.034433,,floor,generic_floor_candidates,-462.305803,0.629044,bottom,559.188,251.288,563.871,257.777
192,7.958333,0.509449,0.509449,0.746501,0,0,0,0,0,soft,hand,right_hand,right,hand,7.044806,7.044806,0.017598,,floor,generic_floor_candidates,-444.664694,0.746501,bottom,562.335,271.409,566.234,277.276
193,8.000000,0.490444,0.490444,0.845458,0,0,0,0,0,soft,hand,right_hand,right,hand,8.617723,8.617723,0.017849,,floor,generic_floor_candidates,-427.230317,0.845458,bottom,568.654,289.585,570.532,297.996
194,8.041667,0.462213,0.462213,0.922391,0,0,0,0,0,soft,hand,right_hand,right,hand,10.615185,10.615185,0.040862,,floor,generic_floor_candidates,-411.072554,0.922391,bottom,577.975,304.817,575.456,315.129
195,8.083333,0.399430,0.399430,0.989785,0,0,0,0,0,proposal,hand,right_hand,right,hand,14.397319,14.397319,0.001940,,floor,generic_floor_candidates,-396.298619,0.989785,bottom,586.530,315.910,582.400,329.702
196,8.125000,0.465428,0.465428,1.000000,1,1,0,1,0,soft,hand,right_hand,right,hand,16.900122,16.900122,0.014513,,floor,generic_floor_candidates,-382.741165,1.000000,bottom,593.373,324.629,589.802,341.147
197,8.166667,0.557391,0.493990,1.000000,1,1,0,1,0,soft,hand,right_hand,right,hand,18.367994,18.367994,0.006170,,floor,generic_floor_candidates,-371.418547,1.000000,bottom,600.118,330.628,595.445,348.392
198,8.208333,0.743188,0.505679,1.000000,1,1,0,1,0,soft,hand,right_hand,right,hand,20.765675,20.765675,0.008113,,floor,generic_floor_candidates,-362.410315,1.000000,bottom,603.541,333.520,599.257,353.839
199,8.250000,0.557391,0.437095,1.000000,1,1,1,1,1,proposal,hand,left_hand,left,hand,21.478875,21.478875,-0.001345,,floor,generic_floor_candidates,-355.759252,1.000000,bottom,605.680,334.671,590.892,350.249
200,8.291667,0.609366,0.443726,1.000000,1,1,0,1,0,proposal,hand,left_hand,left,hand,21.982404,21.982404,-0.031281,,floor,generic_floor_candidates,-351.205208,1.000000,bottom,605.041,334.332,589.385,349.763
201,8.333333,0.457024,0.389547,1.000000,1,1,0,1,0,proposal,hand,left_hand,left,hand,22.463881,22.463881,-0.021658,,floor,generic_floor_candidates,-314.114046,1.000000,bottom,601.635,331.638,585.560,347.330
202,8.375000,0.319425,0.319425,1.000000,1,1,0,1,0,proposal,hand,left_hand,left,hand,23.886262,23.886262,-0.033978,,floor,generic_floor_candidates,-316.790654,1.000000,bottom,599.251,329.244,580.456,343.986
203,8.416667,0.225374,0.225374,1.000000,0,0,0,0,0,none,hand,left_hand,left,hand,24.044098,24.044098,-0.027905,,floor,generic_floor_candidates,-285.584241,1.000000,bottom,595.099,326.284,575.341,339.986
204,8.458333,0.208417,0.208417,1.000000,0,0,0,0,0,none,hand,left_hand,left,hand,25.075958,25.075958,-0.052011,,floor,generic_floor_candidates,-258.262845,1.000000,bottom,590.188,322.780,568.833,335.924
205,8.500000,0.161297,0.161297,1.000000,0,0,0,0,0,none,hand,right_hand,right,hand,28.193636,28.193636,-0.037924,,floor,generic_floor_candidates,-270.021691,1.000000,bottom,586.163,317.168,576.879,343.789
206,8.541667,0.158021,0.158021,0.984134,0,0,0,0,0,none,hand,right_hand,right,hand,28.428506,28.428506,-0.051476,,floor,generic_floor_candidates,-281.342886,0.984134,bottom,581.940,313.074,572.517,339.895
207,8.583333,0.144912,0.144912,0.958741,0,0,0,0,0,none,hand,right_hand,right,hand,29.398930,29.398930,-0.018609,,floor,generic_floor_candidates,-292.223776,0.958741,bottom,578.362,308.823,568.612,336.558
208,8.625000,0.132138,0.132138,0.939326,0,0,0,0,0,none,hand,right_hand,right,hand,30.398884,30.398884,-0.085922,,floor,generic_floor_candidates,-302.324146,0.939326,bottom,576.026,305.529,565.649,334.102
209,8.666667,0.099689,0.099689,0.917657,0,0,0,0,0,none,hand,right_hand,right,hand,33.267076,33.267076,-0.045680,,floor,generic_floor_candidates,-311.845358,0.917657,bottom,573.984,302.739,563.771,334.400
210,8.708333,0.112408,0.112408,0.918637,0,0,0,0,0,none,hand,left_hand,left,hand,32.076205,32.076205,-0.020492,,floor,generic_floor_candidates,-319.663424,0.918637,left,533.806,285.487,539.959,316.967
211,8.750000,0.144845,0.144845,0.929997,0,0,0,0,0,none,hand,left_hand,left,hand,29.404014,29.404014,0.010089,,floor,generic_floor_candidates,-325.635526,0.929997,left,531.026,290.024,537.984,318.593
212,8.791667,0.216237,0.216237,0.956365,0,0,0,0,0,none,hand,left_hand,left,hand,24.595461,24.595461,0.022651,,floor,generic_floor_candidates,-329.435828,0.956365,left,527.856,298.503,537.435,321.157
213,8.833333,0.280556,0.280556,0.998489,0,0,0,0,0,proposal,hand,left_hand,left,hand,20.885362,20.885362,0.048101,,floor,generic_floor_candidates,-330.808676,0.998489,left,524.368,309.769,538.080,325.522
214,8.875000,0.282163,0.282163,1.000000,0,0,0,0,0,proposal,hand,left_hand,left,hand,20.796567,20.796567,-0.020929,,floor,generic_floor_candidates,-330.974763,1.000000,left,524.649,318.630,540.904,331.602
215,8.916667,0.258337,0.258337,1.000000,0,0,0,0,0,proposal,hand,left_hand,left,hand,22.128341,22.128341,-0.004562,,floor,generic_floor_candidates,-329.609049,1.000000,left,525.098,327.260,544.873,337.190
216,8.958333,0.257260,0.257260,1.000000,0,0,0,0,0,proposal,hand,left_hand,left,hand,22.189424,22.189424,0.003597,,floor,generic_floor_candidates,-326.951800,1.000000,bottom,568.157,330.731,550.577,344.270
217,9.000000,0.355755,0.355755,1.000000,0,0,0,0,0,proposal,hand,left_hand,left,hand,16.802342,16.802342,-0.033525,,floor,generic_floor_candidates,-323.112913,1.000000,bottom,567.728,339.337,555.941,351.311
218,9.041667,0.413742,0.413742,1.000000,0,0,0,0,0,proposal,hand,left_hand,left,hand,13.581950,13.581950,-0.093942,,floor,generic_floor_candidates,-318.486809,1.000000,bottom,569.925,347.134,561.734,357.968
219,9.083333,0.448565,0.448565,1.000000,0,0,0,0,0,proposal,hand,left_hand,left,hand,11.493680,11.493680,-0.100473,,floor,generic_floor_candidates,-313.357443,1.000000,bottom,572.622,355.095,567.994,365.616
220,9.125000,0.470080,0.470080,1.000000,0,0,0,0,0,soft,hand,left_hand,left,hand,10.086930,10.086930,-0.076259,,floor,generic_floor_candidates,-308.551862,1.000000,bottom,575.149,360.656,571.994,370.237
221,9.166667,0.490195,0.490195,1.000000,0,0,0,0,0,soft,hand,left_hand,left,hand,8.636832,8.636832,-0.030570,,floor,generic_floor_candidates,-304.341964,1.000000,bottom,575.243,365.434,573.066,373.792
222,9.208333,0.510852,0.510852,1.000000,0,0,1,1,0,strong,floor,floor,,hand,6.917130,6.917130,-0.066905,,floor,generic_floor_candidates,-301.183872,1.000000,bottom,572.410,368.226,570.272,374.804
223,9.250000,0.521642,0.521642,1.000000,0,0,0,0,0,soft,hand,left_hand,left,hand,5.856875,5.856875,-0.053111,,floor,generic_floor_candidates,-299.656251,1.000000,bottom,565.865,367.483,563.059,372.624
224,9.291667,0.527553,0.527553,1.000000,0,0,0,0,0,soft,hand,left_hand,left,hand,5.196319,5.196319,-0.060687,,floor,generic_floor_candidates,-300.173265,1.000000,bottom,556.707,364.462,552.376,367.334
225,9.333333,0.531746,0.531746,1.000000,0,0,0,0,0,soft,hand,left_hand,left,hand,4.676666,4.676666,-0.033753,,floor,generic_floor_candidates,-302.585990,1.000000,bottom,543.929,357.994,539.529,359.579
226,9.375000,0.534721,0.534721,1.000000,0,0,0,0,0,soft,hand,left_hand,left,hand,4.272765,4.272765,-0.072489,,floor,generic_floor_candidates,-308.550329,1.000000,bottom,528.919,345.840,524.699,345.171
227,9.416667,0.846113,0.547284,1.000000,1,1,0,1,0,soft,hand,left_hand,left,hand,1.790888,1.790888,-0.108017,,floor,generic_floor_candidates,-320.390362,1.000000,bottom,511.769,327.207,511.513,325.434
228,9.458333,0.975512,0.525679,0.912485,1,1,0,1,0,soft,hand,left_hand,left,hand,5.413584,5.413584,-0.385432,,floor,generic_floor_candidates,-336.793685,0.912485,bottom,496.115,300.484,500.543,303.598
229,9.500000,0.629866,0.487333,0.737208,0,0,0,0,0,soft,hand,left_hand,left,hand,8.853770,8.853770,-0.361110,,floor,generic_floor_candidates,-357.283811,0.737208,bottom,484.622,271.043,492.594,274.895
230,9.541667,0.361601,0.361601,0.518605,0,0,0,0,0,proposal,hand,left_hand,left,hand,16.485006,16.485006,-0.397628,,floor,generic_floor_candidates,-382.861299,0.518605,bottom,480.059,234.259,488.794,248.239
231,9.583333,0.382848,0.235235,0.327461,0,0,0,0,0,none,hand,left_hand,left,hand,23.459931,23.459931,-0.128182,,floor,generic_floor_candidates,-410.588741,0.327461,bottom,478.742,202.142,489.147,223.168
232,9.625000,0.278651,0.114779,0.166218,0,0,0,0,0,none,hand,left_hand,left,hand,31.864712,31.864712,-0.050540,,floor,generic_floor_candidates,-438.284550,0.166218,bottom,478.061,175.021,491.374,203.972
233,9.666667,0.262547,0.037213,0.021115,0,0,0,0,0,none,hand,left_hand,left,hand,41.776046,41.776046,0.103563,,floor,generic_floor_candidates,-465.128717,0.021115,bottom,480.798,150.468,495.737,189.482
234,9.708333,0.270088,0.000002,0.000000,0,0,0,0,0,none,hand,right_hand,right,hand,90.298605,90.298605,0.219801,,floor,generic_floor_candidates,-499.809133,0.000000,left,453.732,95.408,465.929,184.879
235,9.750000,0.244257,0.000000,0.000000,0,0,0,0,0,none,hand,right_hand,right,hand,105.601063,105.601063,0.100630,,floor,generic_floor_candidates,-529.075925,0.000000,left,458.012,78.630,468.953,183.663
236,9.791667,0.220082,0.000000,0.000000,0,0,0,0,0,none,hand,left_hand,left,hand,114.326067,114.326067,0.055169,,floor,generic_floor_candidates,-552.763979,0.000000,left,461.877,67.871,503.395,174.392
237,9.833333,0.220534,0.000000,0.000000,0,0,0,0,0,none,hand,left_hand,left,hand,118.254899,118.254899,0.103839,,floor,generic_floor_candidates,-571.296217,0.000000,left,465.244,61.245,502.747,173.396
238,9.875000,0.238676,0.000000,0.000000,0,0,0,0,0,none,hand,left_hand,left,hand,117.236595,117.236595,0.098047,,floor,generic_floor_candidates,-584.614383,0.000000,left,469.615,60.003,501.244,172.893
239,9.916667,0.053975,0.000000,0.000000,0,0,0,0,0,none,hand,left_hand,left,hand,113.000066,113.000066,0.054411,,floor,generic_floor_candidates,-593.035300,0.000000,left,474.293,62.815,500.495,172.735
240,9.958333,0.000000,0.000000,0.000000,0,0,0,0,0,none,hand,left_hand,left,hand,102.636925,102.636925,0.039900,,floor,generic_floor_candidates,-596.339742,0.000000,left,480.512,71.263,499.076,172.207
