frame,visual_spike,raw_visual_spike,contact_spike,smoothness_spike,freeze_or_propagate,motion_regime,pre_smooth_translation_jump_m,final_translation_jump_m,visual_spike_threshold_m,velocity_spike_threshold,accel_spike_threshold,se3_velocity_spike,se3_accel_spike,raw_se3_velocity_spike,raw_se3_accel_spike,delta_translation_m,delta_rotation_rad
1,0,0,0,0,optimize,static_hold,0.000000,0.000000,0.100000,0.120000,0.120000,0,0,0,0,0.000000,0.000000
2,0,0,0,0,optimize,static_hold,0.000000,0.000000,0.100000,0.120000,0.120000,0,0,0,0,0.000000,0.000000
3,0,0,0,0,optimize,static_hold,0.000000,0.000000,0.100000,0.120000,0.120000,0,0,0,0,0.000000,0.000000
4,0,0,0,0,optimize,static_hold,0.000000,0.000000,0.100000,0.120000,0.120000,0,0,0,0,0.000000,0.000000
5,0,0,0,0,optimize,static_hold,0.000000,0.000000,0.100000,0.120000,0.120000,0,0,0,0,0.000000,0.000000
6,0,0,0,0,optimize,static_hold,0.000000,0.000000,0.100000,0.120000,0.120000,0,0,0,0,0.000000,0.000000
7,0,0,0,0,optimize,static_hold,0.000000,0.000000,0.100000,0.120000,0.120000,0,0,0,0,0.000000,0.000000
8,0,0,0,0,optimize,static_hold,0.000000,0.000000,0.100000,0.120000,0.120000,0,0,0,0,0.000000,0.000000
9,0,0,0,0,optimize,static_hold,0.000000,0.000000,0.100000,0.120000,0.120000,0,0,0,0,0.000000,0.000000
10,0,0,0,0,optimize,static_hold,0.000000,0.000000,0.100000,0.120000,0.120000,0,0,0,0,0.000000,0.000000
11,0,0,0,0,optimize,static_hold,0.000000,0.000000,0.100000,0.120000,0.120000,0,0,0,0,0.000000,0.000000
12,0,0,0,0,optimize,static_hold,0.000000,0.000000,0.100000,0.120000,0.120000,0,0,0,0,0.000000,0.000000
13,0,0,0,0,optimize,static_hold,0.000000,0.000000,0.100000,0.120000,0.120000,0,0,0,0,0.000000,0.000000
14,0,0,0,0,optimize,static_hold,0.000000,0.000000,0.100000,0.120000,0.120000,0,0,0,0,0.000000,0.000000
15,0,0,0,0,optimize,static_hold,0.000000,0.000000,0.100000,0.120000,0.120000,0,0,0,0,0.000000,0.000000
16,0,0,0,0,optimize,static_hold,0.000000,0.000000,0.100000,0.120000,0.120000,0,0,0,0,0.000000,0.000000
17,0,0,0,0,optimize,static_hold,0.000000,0.000000,0.100000,0.120000,0.120000,0,0,0,0,0.000000,0.000000
18,0,0,0,0,optimize,static_hold,0.000000,0.000000,0.100000,0.120000,0.120000,0,0,0,0,0.000000,0.000000
19,0,0,0,0,optimize,static_hold,0.000000,0.000000,0.100000,0.120000,0.120000,0,0,0,0,0.000000,0.000000
20,0,0,0,0,optimize,short_impact,0.000000,0.000000,0.300000,0.420000,0.340000,0,0,0,0,0.000000,0.000000
21,0,0,0,0,optimize,sustained_grasp,0.004433,0.004433,0.180000,0.220000,0.220000,0,0,0,0,0.000000,0.000000
22,0,0,0,0,optimize,sustained_grasp,0.007441,0.007441,0.180000,0.220000,0.220000,0,0,0,0,0.000000,0.000000
23,0,0,0,0,optimize,sustained_grasp,0.001967,0.001967,0.180000,0.220000,0.220000,0,0,0,0,0.000000,0.000000
24,0,0,0,0,optimize,sustained_grasp,0.008068,0.008069,0.180000,0.220000,0.220000,0,0,0,0,0.000000,0.000000
25,0,0,0,0,optimize,sustained_grasp,0.005894,0.005893,0.180000,0.220000,0.220000,0,0,0,0,0.000000,0.000000
26,0,0,0,0,optimize,sustained_grasp,0.008714,0.008714,0.180000,0.220000,0.220000,0,0,0,0,0.000000,0.000000
27,0,0,0,0,optimize,sustained_grasp,0.012727,0.012726,0.180000,0.220000,0.220000,0,0,0,0,0.000000,0.000000
28,0,0,0,0,optimize,sustained_grasp,0.016278,0.016278,0.180000,0.220000,0.220000,0,0,0,0,0.000000,0.000000
29,0,0,0,0,optimize,sustained_grasp,0.019928,0.019928,0.180000,0.220000,0.220000,0,0,0,0,0.000000,0.000000
30,0,0,0,0,optimize,sustained_grasp,0.029695,0.029695,0.180000,0.220000,0.220000,0,0,0,0,0.000000,0.000000
31,0,0,0,0,optimize,sustained_grasp,0.016774,0.016774,0.180000,0.220000,0.220000,0,0,0,0,0.000000,0.000000
32,0,0,0,0,optimize,sustained_grasp,0.025066,0.025066,0.180000,0.220000,0.220000,0,0,0,0,0.000000,0.000000
33,0,0,0,0,optimize,sustained_grasp,0.023618,0.023618,0.180000,0.220000,0.220000,0,0,0,0,0.000000,0.000000
34,0,0,0,0,optimize,sustained_grasp,0.019971,0.019971,0.180000,0.220000,0.220000,0,0,0,0,0.000000,0.000000
35,0,0,0,0,optimize,sustained_grasp,0.021893,0.021893,0.180000,0.220000,0.220000,0,0,0,0,0.000000,0.000000
36,0,0,0,0,optimize,sustained_grasp,0.026471,0.026470,0.180000,0.220000,0.220000,0,0,0,0,0.000000,0.000000
37,0,0,0,0,optimize,sustained_grasp,0.028654,0.028654,0.180000,0.220000,0.220000,0,0,0,0,0.000000,0.000000
38,0,0,0,0,optimize,sustained_grasp,0.052867,0.052867,0.180000,0.220000,0.220000,0,0,0,0,0.000000,0.000000
39,0,0,0,0,optimize,sustained_grasp,0.022622,0.022622,0.180000,0.220000,0.220000,0,0,0,0,0.000000,0.000000
40,0,0,0,0,optimize,sustained_grasp,0.026728,0.026728,0.180000,0.220000,0.220000,0,0,0,0,0.000000,0.000000
41,0,0,0,0,optimize,sustained_grasp,0.023177,0.023177,0.180000,0.220000,0.220000,0,0,0,0,0.000000,0.000000
42,0,0,0,0,optimize,sustained_grasp,0.025209,0.025210,0.180000,0.220000,0.220000,0,0,0,0,0.000000,0.000000
43,0,0,0,0,optimize,sustained_grasp,0.029300,0.029300,0.180000,0.220000,0.220000,0,0,0,0,0.000000,0.000000
44,0,0,0,0,optimize,sustained_grasp,0.055298,0.055297,0.180000,0.220000,0.220000,0,0,0,0,0.000000,0.000000
45,0,0,0,0,optimize,sustained_grasp,0.021241,0.021241,0.180000,0.220000,0.220000,0,0,0,0,0.000000,0.000000
46,0,0,0,0,optimize,sustained_grasp,0.031343,0.031343,0.180000,0.220000,0.220000,0,0,0,0,0.000000,0.000000
47,0,0,0,0,optimize,sustained_grasp,0.018939,0.018939,0.180000,0.220000,0.220000,0,0,0,0,0.000000,0.000000
48,0,0,0,0,optimize,sustained_grasp,0.025688,0.025688,0.180000,0.220000,0.220000,0,0,0,0,0.000000,0.000000
49,0,0,0,0,optimize,sustained_grasp,0.020030,0.020030,0.180000,0.220000,0.220000,0,0,0,0,0.000000,0.000000
50,0,0,0,0,optimize,sustained_grasp,0.030599,0.030599,0.180000,0.220000,0.220000,0,0,0,0,0.000000,0.000000
51,0,0,0,0,optimize,sustained_grasp,0.040390,0.040391,0.180000,0.220000,0.220000,0,0,0,0,0.000000,0.000000
52,0,0,0,0,optimize,sustained_grasp,0.027885,0.027885,0.180000,0.220000,0.220000,0,0,0,0,0.000000,0.000000
53,0,0,0,0,optimize,sustained_grasp,0.031393,0.031393,0.180000,0.220000,0.220000,0,0,0,0,0.000000,0.000000
54,0,0,0,0,optimize,sustained_grasp,0.009194,0.009194,0.180000,0.220000,0.220000,0,0,0,0,0.000000,0.000000
55,0,0,0,0,optimize,sustained_grasp,0.003538,0.003539,0.180000,0.220000,0.220000,0,0,0,0,0.000000,0.000000
56,0,0,0,0,optimize,sustained_grasp,0.007098,0.007097,0.180000,0.220000,0.220000,0,0,0,0,0.000000,0.000000
57,0,0,0,0,optimize,sustained_grasp,0.010186,0.010186,0.180000,0.220000,0.220000,0,0,0,0,0.000000,0.000000
58,0,0,0,0,optimize,sustained_grasp,0.012333,0.012334,0.180000,0.220000,0.220000,0,0,0,0,0.000000,0.000000
59,0,0,0,0,optimize,sustained_grasp,0.015591,0.015590,0.180000,0.220000,0.220000,0,0,0,0,0.000000,0.000000
60,0,0,0,0,optimize,sustained_grasp,0.007074,0.007073,0.180000,0.220000,0.220000,0,0,0,0,0.000000,0.000000
61,0,0,0,0,optimize,sustained_grasp,0.009195,0.009195,0.180000,0.220000,0.220000,0,0,0,0,0.000000,0.000000
62,0,0,0,0,optimize,sustained_grasp,0.009504,0.009504,0.180000,0.220000,0.220000,0,0,0,0,0.000000,0.000000
63,0,0,0,0,optimize,sustained_grasp,0.013603,0.013604,0.180000,0.220000,0.220000,0,0,0,0,0.000000,0.000000
64,0,0,0,0,optimize,sustained_grasp,0.018624,0.018624,0.180000,0.220000,0.220000,0,0,0,0,0.000000,0.000000
65,0,0,0,0,optimize,sustained_grasp,0.020806,0.020806,0.180000,0.220000,0.220000,0,0,0,0,0.000000,0.000000
66,0,0,0,0,optimize,sustained_grasp,0.006725,0.006725,0.180000,0.220000,0.220000,0,0,0,0,0.000000,0.000000
67,0,0,0,0,optimize,sustained_grasp,0.026276,0.026276,0.180000,0.220000,0.220000,0,0,0,0,0.000000,0.000000
68,0,0,0,0,optimize,sustained_grasp,0.027139,0.027140,0.180000,0.220000,0.220000,0,0,0,0,0.000000,0.000000
69,0,0,0,0,optimize,sustained_grasp,0.043255,0.043254,0.180000,0.220000,0.220000,0,0,0,0,0.000000,0.000000
70,0,0,0,0,optimize,sustained_grasp,0.017780,0.017780,0.180000,0.220000,0.220000,0,0,0,0,0.000000,0.000000
71,0,0,0,0,optimize,sustained_grasp,0.025348,0.025347,0.180000,0.220000,0.220000,0,0,0,0,0.000000,0.000000
72,0,0,0,0,optimize,sustained_grasp,0.016563,0.016562,0.180000,0.220000,0.220000,0,0,0,0,0.000000,0.000000
73,0,0,0,0,optimize,sustained_grasp,0.017048,0.017049,0.180000,0.220000,0.220000,0,0,0,0,0.000000,0.000000
74,0,0,0,0,optimize,sustained_grasp,0.024706,0.024706,0.180000,0.220000,0.220000,0,0,0,0,0.000000,0.000000
75,0,0,0,0,optimize,sustained_grasp,0.025739,0.025740,0.180000,0.220000,0.220000,0,0,0,0,0.000000,0.000000
76,0,0,0,0,optimize,sustained_grasp,0.041663,0.041662,0.180000,0.220000,0.220000,0,0,0,0,0.000000,0.000000
77,0,0,0,0,optimize,sustained_grasp,0.009202,0.009202,0.180000,0.220000,0.220000,0,0,0,0,0.000000,0.000000
78,0,0,0,0,optimize,sustained_grasp,0.015024,0.015024,0.180000,0.220000,0.220000,0,0,0,0,0.000000,0.000000
79,0,0,0,0,optimize,sustained_grasp,0.011054,0.011054,0.180000,0.220000,0.220000,0,0,0,0,0.000000,0.000000
80,0,0,0,0,optimize,sustained_grasp,0.006793,0.006792,0.180000,0.220000,0.220000,0,0,0,0,0.000000,0.000000
81,0,0,0,0,optimize,sustained_grasp,0.014108,0.014108,0.180000,0.220000,0.220000,0,0,0,0,0.000000,0.000000
82,0,0,0,0,optimize,sustained_grasp,0.023400,0.023400,0.180000,0.220000,0.220000,0,0,0,0,0.000000,0.000000
83,0,0,0,0,optimize,sustained_grasp,0.036744,0.036744,0.180000,0.220000,0.220000,0,0,0,0,0.000000,0.000000
84,0,0,0,0,optimize,sustained_grasp,0.041573,0.041573,0.180000,0.220000,0.220000,0,0,0,0,0.000000,0.000000
85,0,0,0,0,optimize,sustained_grasp,0.010205,0.010206,0.180000,0.220000,0.220000,0,0,0,0,0.000000,0.000000
86,0,0,0,0,optimize,sustained_grasp,0.015051,0.015051,0.180000,0.220000,0.220000,0,0,0,0,0.000000,0.000000
87,0,0,0,0,optimize,sustained_grasp,0.015632,0.015632,0.180000,0.220000,0.220000,0,0,0,0,0.000000,0.000000
88,0,0,0,0,optimize,sustained_grasp,0.012671,0.012671,0.180000,0.220000,0.220000,0,0,0,0,0.000000,0.000000
89,0,0,0,0,optimize,sustained_grasp,0.018035,0.018035,0.180000,0.220000,0.220000,0,0,0,0,0.000000,0.000000
90,0,0,0,0,optimize,sustained_grasp,0.023947,0.023947,0.180000,0.220000,0.220000,0,0,0,0,0.000000,0.000000
91,0,0,0,0,optimize,sustained_grasp,0.025584,0.025584,0.180000,0.220000,0.220000,0,0,0,0,0.000000,0.000000
92,0,0,0,0,optimize,sustained_grasp,0.025452,0.025452,0.180000,0.220000,0.220000,0,0,0,0,0.000000,0.000000
93,0,0,0,0,optimize,sustained_grasp,0.022852,0.022852,0.180000,0.220000,0.220000,0,0,0,0,0.000000,0.000000
94,0,0,0,0,optimize,sustained_grasp,0.030758,0.030758,0.180000,0.220000,0.220000,0,0,0,0,0.000000,0.000000
95,0,0,0,0,optimize,sustained_grasp,0.029075,0.029074,0.180000,0.220000,0.220000,0,0,0,0,0.000000,0.000000
96,0,0,0,0,optimize,sustained_grasp,0.017985,0.017986,0.180000,0.220000,0.220000,0,0,0,0,0.000000,0.000000
97,0,0,0,0,optimize,sustained_grasp,0.019521,0.019520,0.180000,0.220000,0.220000,0,0,0,0,0.000000,0.000000
98,0,0,0,0,optimize,sustained_grasp,0.016650,0.016650,0.180000,0.220000,0.220000,0,0,0,0,0.000000,0.000000
99,0,0,0,0,optimize,sustained_grasp,0.014628,0.014628,0.180000,0.220000,0.220000,0,0,0,0,0.000000,0.000000
100,0,0,0,0,optimize,sustained_grasp,0.015836,0.015837,0.180000,0.220000,0.220000,0,0,0,0,0.000000,0.000000
101,0,0,0,0,optimize,sustained_grasp,0.011181,0.011181,0.180000,0.220000,0.220000,0,0,0,0,0.000000,0.000000
102,0,0,0,0,optimize,sustained_grasp,0.025431,0.025431,0.180000,0.220000,0.220000,0,0,0,0,0.000000,0.000000
103,0,0,0,0,optimize,sustained_grasp,0.011727,0.011726,0.180000,0.220000,0.220000,0,0,0,0,0.000000,0.000000
104,0,0,0,0,optimize,sustained_grasp,0.018101,0.018101,0.180000,0.220000,0.220000,0,0,0,0,0.000000,0.000000
105,0,0,0,0,optimize,sustained_grasp,0.019211,0.019211,0.180000,0.220000,0.220000,0,0,0,0,0.000000,0.000000
106,0,0,0,0,optimize,sustained_grasp,0.021056,0.021056,0.180000,0.220000,0.220000,0,0,0,0,0.000000,0.000000
107,0,0,0,0,optimize,sustained_grasp,0.022651,0.022651,0.180000,0.220000,0.220000,0,0,0,0,0.000000,0.000000
108,0,0,0,0,optimize,sustained_grasp,0.016762,0.016762,0.180000,0.220000,0.220000,0,0,0,0,0.000000,0.000000
109,0,0,0,0,optimize,sustained_grasp,0.015974,0.015973,0.180000,0.220000,0.220000,0,0,0,0,0.000000,0.000000
110,0,0,0,0,optimize,sustained_grasp,0.029583,0.029583,0.180000,0.220000,0.220000,0,0,0,0,0.000000,0.000000
111,0,0,0,0,optimize,sustained_grasp,0.029248,0.029249,0.180000,0.220000,0.220000,0,0,0,0,0.000000,0.000000
112,0,0,0,0,optimize,sustained_grasp,0.029755,0.029755,0.180000,0.220000,0.220000,0,0,0,0,0.000000,0.000000
113,0,0,0,0,optimize,sustained_grasp,0.023071,0.023070,0.180000,0.220000,0.220000,0,0,0,0,0.000000,0.000000
114,0,0,0,0,optimize,sustained_grasp,0.014288,0.014289,0.180000,0.220000,0.220000,0,0,0,0,0.000000,0.000000
115,0,0,0,0,optimize,sustained_grasp,0.014311,0.014310,0.180000,0.220000,0.220000,0,0,0,0,0.000000,0.000000
116,0,0,0,0,optimize,sustained_grasp,0.011890,0.011891,0.180000,0.220000,0.220000,0,0,0,0,0.000000,0.000000
117,0,0,0,0,optimize,sustained_grasp,0.017965,0.017965,0.180000,0.220000,0.220000,0,0,0,0,0.000000,0.000000
118,0,0,0,0,optimize,sustained_grasp,0.016532,0.016532,0.180000,0.220000,0.220000,0,0,0,0,0.000000,0.000000
119,0,0,0,1,optimize,sustained_grasp,0.015459,0.015460,0.180000,0.220000,0.220000,0,1,0,1,0.000000,0.000000
120,0,1,0,1,optimize,sustained_grasp_high_speed,0.244838,0.244838,0.300000,0.420000,0.340000,1,1,1,1,0.000000,0.000000
121,0,1,0,0,optimize,sustained_grasp_high_speed,0.269707,0.269707,0.300000,0.420000,0.340000,1,1,1,1,0.000000,0.000000
122,0,0,0,1,optimize,sustained_grasp,0.020709,0.020709,0.180000,0.220000,0.220000,0,1,0,1,0.000000,0.000000
123,0,1,0,1,optimize,sustained_grasp_high_speed,0.251836,0.251835,0.300000,0.420000,0.340000,1,1,1,1,0.000000,0.000000
124,0,1,0,0,optimize,sustained_grasp_high_speed,0.287841,0.287841,0.300000,0.420000,0.340000,1,1,1,1,0.000000,0.000000
125,0,0,0,0,optimize,sustained_grasp,0.014480,0.014480,0.180000,0.220000,0.220000,0,0,0,0,0.000000,0.000000
126,0,0,0,0,optimize,sustained_grasp,0.015224,0.015224,0.180000,0.220000,0.220000,0,0,0,0,0.000000,0.000000
127,0,0,0,0,optimize,sustained_grasp,0.024626,0.024625,0.180000,0.220000,0.220000,0,0,0,0,0.000000,0.000000
128,0,0,0,0,optimize,sustained_grasp,0.034555,0.034555,0.180000,0.220000,0.220000,0,0,0,0,0.000000,0.000000
129,0,0,0,0,optimize,sustained_grasp,0.020814,0.020813,0.180000,0.220000,0.220000,0,0,0,0,0.000000,0.000000
130,0,0,0,0,optimize,sustained_grasp,0.018214,0.018214,0.180000,0.220000,0.220000,0,0,0,0,0.000000,0.000000
131,0,0,0,0,optimize,sustained_grasp,0.017125,0.017125,0.180000,0.220000,0.220000,0,0,0,0,0.000000,0.000000
132,0,0,0,0,optimize,sustained_grasp,0.008248,0.008248,0.180000,0.220000,0.220000,0,0,0,0,0.000000,0.000000
133,0,0,0,0,optimize,sustained_grasp,0.008976,0.008976,0.180000,0.220000,0.220000,0,0,0,0,0.000000,0.000000
134,0,0,0,0,optimize,sustained_grasp,0.012423,0.012423,0.180000,0.220000,0.220000,0,0,0,0,0.000000,0.000000
135,0,0,0,0,optimize,sustained_grasp,0.015496,0.015497,0.180000,0.220000,0.220000,0,0,0,0,0.000000,0.000000
136,0,0,0,0,optimize,sustained_grasp,0.015253,0.015252,0.180000,0.220000,0.220000,0,0,0,0,0.000000,0.000000
137,0,0,0,0,optimize,sustained_grasp,0.007451,0.007451,0.180000,0.220000,0.220000,0,0,0,0,0.000000,0.000000
138,0,0,0,0,optimize,sustained_grasp,0.011724,0.011723,0.180000,0.220000,0.220000,0,0,0,0,0.000000,0.000000
139,0,0,0,0,optimize,sustained_grasp,0.004446,0.004446,0.180000,0.220000,0.220000,0,0,0,0,0.000000,0.000000
140,0,0,0,0,optimize,sustained_grasp,0.004211,0.004211,0.180000,0.220000,0.220000,0,0,0,0,0.000000,0.000000
141,0,0,0,0,optimize,sustained_grasp,0.015918,0.015918,0.180000,0.220000,0.220000,0,0,0,0,0.000000,0.000000
142,0,0,0,0,optimize,sustained_grasp,0.007011,0.007011,0.180000,0.220000,0.220000,0,0,0,0,0.000000,0.000000
143,0,0,0,0,optimize,sustained_grasp,0.006455,0.006455,0.180000,0.220000,0.220000,0,0,0,0,0.000000,0.000000
144,0,0,0,0,optimize,sustained_grasp,0.005502,0.005502,0.180000,0.220000,0.220000,0,0,0,0,0.000000,0.000000
145,0,0,0,0,optimize,static_hold,0.000000,0.000000,0.100000,0.120000,0.120000,0,0,0,0,0.000000,0.000000
146,0,0,0,0,optimize,static_hold,0.000000,0.000000,0.100000,0.120000,0.120000,0,0,0,0,0.000000,0.000000
147,0,0,0,0,optimize,static_hold,0.000000,0.000000,0.100000,0.120000,0.120000,0,0,0,0,0.000000,0.000000
148,0,0,0,0,optimize,static_hold,0.000000,0.000000,0.100000,0.120000,0.120000,0,0,0,0,0.000000,0.000000
149,0,0,0,0,optimize,static_hold,0.000000,0.000000,0.100000,0.120000,0.120000,0,0,0,0,0.000000,0.000000
150,0,0,0,0,optimize,static_hold,0.000000,0.000000,0.100000,0.120000,0.120000,0,0,0,0,0.000000,0.000000
151,0,0,0,0,optimize,static_hold,0.000000,0.000000,0.100000,0.120000,0.120000,0,0,0,0,0.000000,0.000000
152,0,0,0,0,optimize,static_hold,0.000000,0.000000,0.100000,0.120000,0.120000,0,0,0,0,0.000000,0.000000
153,0,0,0,0,optimize,static_hold,0.000000,0.000000,0.100000,0.120000,0.120000,0,0,0,0,0.000000,0.000000
154,0,0,0,0,optimize,static_hold,0.000000,0.000000,0.100000,0.120000,0.120000,0,0,0,0,0.000000,0.000000
155,0,0,0,0,optimize,static_hold,0.000000,0.000000,0.100000,0.120000,0.120000,0,0,0,0,0.000000,0.000000
156,0,0,0,0,optimize,static_hold,0.000000,0.000000,0.100000,0.120000,0.120000,0,0,0,0,0.000000,0.000000
157,0,0,0,0,optimize,static_hold,0.000000,0.000000,0.100000,0.120000,0.120000,0,0,0,0,0.000000,0.000000
158,0,0,0,0,optimize,static_hold,0.000000,0.000000,0.100000,0.120000,0.120000,0,0,0,0,0.000000,0.000000
159,0,0,0,0,optimize,static_hold,0.000000,0.000000,0.100000,0.120000,0.120000,0,0,0,0,0.000000,0.000000
160,0,0,0,0,optimize,static_hold,0.000000,0.000000,0.100000,0.120000,0.120000,0,0,0,0,0.000000,0.000000
161,0,0,0,0,optimize,static_hold,0.000000,0.000000,0.100000,0.120000,0.120000,0,0,0,0,0.000000,0.000000
162,0,0,0,0,optimize,static_hold,0.000000,0.000000,0.100000,0.120000,0.120000,0,0,0,0,0.000000,0.000000
163,0,0,0,0,optimize,static_hold,0.000000,0.000000,0.100000,0.120000,0.120000,0,0,0,0,0.000000,0.000000
164,0,0,0,0,optimize,static_hold,0.000000,0.000000,0.100000,0.120000,0.120000,0,0,0,0,0.000000,0.000000
165,0,0,0,0,optimize,static_hold,0.000000,0.000000,0.100000,0.120000,0.120000,0,0,0,0,0.000000,0.000000
166,0,0,0,0,optimize,static_hold,0.000000,0.000000,0.100000,0.120000,0.120000,0,0,0,0,0.000000,0.000000
167,0,0,0,0,optimize,static_hold,0.000000,0.000000,0.100000,0.120000,0.120000,0,0,0,0,0.000000,0.000000
168,0,0,0,0,optimize,static_hold,0.000000,0.000000,0.100000,0.120000,0.120000,0,0,0,0,0.000000,0.000000
169,0,0,0,0,optimize,static_hold,0.000000,0.000000,0.100000,0.120000,0.120000,0,0,0,0,0.000000,0.000000
170,0,0,0,0,optimize,static_hold,0.000000,0.000000,0.100000,0.120000,0.120000,0,0,0,0,0.000000,0.000000
171,0,0,0,0,optimize,static_hold,0.000000,0.000000,0.100000,0.120000,0.120000,0,0,0,0,0.000000,0.000000
172,0,0,0,0,optimize,static_hold,0.000000,0.000000,0.100000,0.120000,0.120000,0,0,0,0,0.000000,0.000000
173,0,0,0,0,optimize,static_hold,0.000000,0.000000,0.100000,0.120000,0.120000,0,0,0,0,0.000000,0.000000
174,0,0,0,0,optimize,static_hold,0.000000,0.000000,0.100000,0.120000,0.120000,0,0,0,0,0.000000,0.000000
175,0,0,0,0,optimize,static_hold,0.000000,0.000000,0.100000,0.120000,0.120000,0,0,0,0,0.000000,0.000000
176,0,0,0,0,optimize,static_hold,0.000000,0.000000,0.100000,0.120000,0.120000,0,0,0,0,0.000000,0.000000
177,0,0,0,0,optimize,static_hold,0.000000,0.000000,0.100000,0.120000,0.120000,0,0,0,0,0.000000,0.000000
178,0,0,0,0,optimize,static_hold,0.000000,0.000000,0.100000,0.120000,0.120000,0,0,0,0,0.000000,0.000000
179,0,0,0,0,optimize,static_hold,0.000000,0.000000,0.100000,0.120000,0.120000,0,0,0,0,0.000000,0.000000
180,0,0,0,0,optimize,static_hold,0.000000,0.000000,0.100000,0.120000,0.120000,0,0,0,0,0.000000,0.000000
181,0,0,0,0,optimize,static_hold,0.000000,0.000000,0.100000,0.120000,0.120000,0,0,0,0,0.000000,0.000000
182,0,0,0,0,optimize,static_hold,0.000000,0.000000,0.100000,0.120000,0.120000,0,0,0,0,0.000000,0.000000
183,0,0,0,0,optimize,static_hold,0.000000,0.000000,0.100000,0.120000,0.120000,0,0,0,0,0.000000,0.000000
184,0,0,0,0,optimize,static_hold,0.000000,0.000000,0.100000,0.120000,0.120000,0,0,0,0,0.000000,0.000000
185,0,0,0,0,optimize,static_hold,0.000000,0.000000,0.100000,0.120000,0.120000,0,0,0,0,0.000000,0.000000
186,0,0,0,0,optimize,static_hold,0.000000,0.000000,0.100000,0.120000,0.120000,0,0,0,0,0.000000,0.000000
187,0,0,0,0,optimize,static_hold,0.000000,0.000000,0.100000,0.120000,0.120000,0,0,0,0,0.000000,0.000000
188,0,0,0,0,optimize,static_hold,0.000000,0.000000,0.100000,0.120000,0.120000,0,0,0,0,0.000000,0.000000
189,0,0,0,0,optimize,static_hold,0.000000,0.000000,0.100000,0.120000,0.120000,0,0,0,0,0.000000,0.000000
190,0,0,0,0,optimize,static_hold,0.000000,0.000000,0.100000,0.120000,0.120000,0,0,0,0,0.000000,0.000000
191,0,0,0,0,optimize,static_hold,0.000000,0.000000,0.100000,0.120000,0.120000,0,0,0,0,0.000000,0.000000
192,0,0,0,0,optimize,static_hold,0.000000,0.000000,0.100000,0.120000,0.120000,0,0,0,0,0.000000,0.000000
