frame,se3_velocity_spike,se3_accel_spike,raw_se3_velocity_spike,raw_se3_accel_spike,raw_velocity_score,raw_accel_score,final_velocity_score,final_accel_score,se3_smoothed,pose_locked,delta_translation_m,delta_rotation_rad,trust_weight,anchor_residual_enabled,anchor_residual_count,anchor_residual_m
1,0,0,0,0,0.000000,0.000000,0.000000,0.000000,0,1,0.000000,0.000000,0.200000,0,0,0.000000
2,0,0,0,0,0.000000,0.000000,0.000000,0.000000,0,1,0.000000,0.000000,0.564160,0,0,0.000000
3,0,0,0,0,0.000000,0.000000,0.000000,0.000000,0,1,0.000000,0.000000,0.564160,0,0,0.000000
4,0,0,0,0,0.000000,0.000000,0.000000,0.000000,0,1,0.000000,0.000000,0.564160,0,0,0.000000
5,0,0,0,0,0.000000,0.000000,0.000000,0.000000,0,1,0.000000,0.000000,0.564160,0,0,0.000000
6,0,0,0,0,0.000000,0.000000,0.000000,0.000000,0,1,0.000000,0.000000,0.564160,0,0,0.000000
7,0,0,0,0,0.000000,0.000000,0.000000,0.000000,0,1,0.000000,0.000000,0.564160,0,0,0.000000
8,0,0,0,0,0.000000,0.000000,0.000000,0.000000,0,1,0.000000,0.000000,0.564160,0,0,0.000000
9,0,0,0,0,0.000000,0.000000,0.000000,0.000000,0,1,0.000000,0.000000,0.564160,0,0,0.000000
10,0,0,0,0,0.000000,0.000000,0.000000,0.000000,0,1,0.000000,0.000000,0.564160,0,0,0.000000
11,0,0,0,0,0.000000,0.000000,0.000000,0.000000,0,1,0.000000,0.000000,0.564160,0,0,0.000000
12,0,0,0,0,0.000000,0.000000,0.000000,0.000000,0,1,0.000000,0.000000,0.564160,0,0,0.000000
13,0,0,0,0,0.000000,0.000000,0.000000,0.000000,0,1,0.000000,0.000000,0.564160,0,0,0.000000
14,0,0,0,0,0.000000,0.000000,0.000000,0.000000,0,1,0.000000,0.000000,0.564160,0,0,0.000000
15,0,0,0,0,0.000000,0.000000,0.000000,0.000000,0,1,0.000000,0.000000,0.564160,0,0,0.000000
16,0,0,0,0,0.000000,0.000000,0.000000,0.000000,0,1,0.000000,0.000000,0.564160,0,0,0.000000
17,0,0,0,0,0.000000,0.000000,0.000000,0.000000,0,1,0.000000,0.000000,0.564160,0,0,0.000000
18,0,0,0,0,0.000000,0.000000,0.000000,0.000000,0,1,0.000000,0.000000,0.564160,0,0,0.000000
19,0,0,0,0,0.000000,0.000000,0.000000,0.000000,0,1,0.000000,0.000000,0.564160,0,0,0.000000
20,0,0,0,0,0.000000,0.004740,0.000000,0.004740,0,1,0.000000,0.000000,0.200000,0,0,0.000000
21,0,0,0,0,0.004740,0.013613,0.004740,0.013613,0,1,0.000000,0.000000,0.705200,0,0,0.000000
22,0,0,0,0,0.009043,0.010529,0.009043,0.010529,0,1,0.000000,0.000000,0.705200,0,0,0.000000
23,0,0,0,0,0.002269,0.006699,0.002269,0.006699,0,1,0.000000,0.000000,0.705200,0,0,0.000000
24,0,0,0,0,0.008338,0.007883,0.008338,0.007883,0,1,0.000000,0.000000,0.705200,0,0,0.000000
25,0,0,0,0,0.006679,0.003300,0.006679,0.003300,0,1,0.000000,0.000000,0.705200,0,0,0.000000
26,0,0,0,0,0.009418,0.004905,0.009418,0.004905,0,1,0.000000,0.000000,0.705200,0,0,0.000000
27,0,0,0,0,0.013495,0.023063,0.013495,0.023063,0,1,0.000000,0.000000,0.705200,0,0,0.000000
28,0,0,0,0,0.019842,0.004845,0.019842,0.004845,0,1,0.000000,0.000000,0.705200,0,0,0.000000
29,0,0,0,0,0.023326,0.011522,0.023326,0.011522,0,1,0.000000,0.000000,0.705200,0,0,0.000000
30,0,0,0,0,0.034108,0.024531,0.034108,0.024531,0,1,0.000000,0.000000,0.705200,0,0,0.000000
31,0,0,0,0,0.017553,0.014236,0.017553,0.014236,0,1,0.000000,0.000000,0.705200,0,0,0.000000
32,0,0,0,0,0.027581,0.006185,0.027581,0.006185,0,1,0.000000,0.000000,0.705200,0,0,0.000000
33,0,0,0,0,0.024996,0.017335,0.024996,0.017335,0,1,0.000000,0.000000,0.705200,0,0,0.000000
34,0,0,0,0,0.021211,0.002380,0.021211,0.002380,0,1,0.000000,0.000000,0.705200,0,0,0.000000
35,0,0,0,0,0.023027,0.009734,0.023027,0.009734,0,1,0.000000,0.000000,0.705200,0,0,0.000000
36,0,0,0,0,0.029065,0.011607,0.029065,0.011607,0,1,0.000000,0.000000,0.705200,0,0,0.000000
37,0,0,0,0,0.031959,0.034014,0.031959,0.034014,0,1,0.000000,0.000000,0.705200,0,0,0.000000
38,0,0,0,0,0.060263,0.052664,0.060263,0.052664,0,1,0.000000,0.000000,0.705200,0,0,0.000000
39,0,0,0,0,0.023456,0.013902,0.023456,0.013902,0,1,0.000000,0.000000,0.705200,0,0,0.000000
40,0,0,0,0,0.028982,0.012730,0.028982,0.012730,0,1,0.000000,0.000000,0.705200,0,0,0.000000
41,0,0,0,0,0.024426,0.008137,0.024426,0.008137,0,1,0.000000,0.000000,0.705200,0,0,0.000000
42,0,0,0,0,0.026816,0.009094,0.026816,0.009094,0,1,0.000000,0.000000,0.705200,0,0,0.000000
43,0,0,0,0,0.031964,0.034594,0.031964,0.034594,0,1,0.000000,0.000000,0.705200,0,0,0.000000
44,0,0,0,0,0.062257,0.057466,0.062257,0.057466,0,1,0.000000,0.000000,0.705200,0,0,0.000000
45,0,0,0,0,0.022188,0.024657,0.022188,0.024657,0,1,0.000000,0.000000,0.705200,0,0,0.000000
46,0,0,0,0,0.034314,0.033555,0.034314,0.033555,0,1,0.000000,0.000000,0.705200,0,0,0.000000
47,0,0,0,0,0.020655,0.023679,0.020655,0.023679,0,1,0.000000,0.000000,0.705200,0,0,0.000000
48,0,0,0,0,0.026818,0.012253,0.026818,0.012253,0,1,0.000000,0.000000,0.705200,0,0,0.000000
49,0,0,0,0,0.021346,0.017415,0.021346,0.017415,0,1,0.000000,0.000000,0.705200,0,0,0.000000
50,0,0,0,0,0.034140,0.011439,0.034140,0.011439,0,1,0.000000,0.000000,0.705200,0,0,0.000000
51,0,0,0,0,0.045107,0.016852,0.045107,0.016852,0,1,0.000000,0.000000,0.705200,0,0,0.000000
52,0,0,0,0,0.030440,0.065407,0.030440,0.065407,0,1,0.000000,0.000000,0.705200,0,0,0.000000
53,0,0,0,0,0.036482,0.026504,0.036482,0.026504,0,1,0.000000,0.000000,0.705200,0,0,0.000000
54,0,0,0,0,0.010842,0.006913,0.010842,0.006913,0,1,0.000000,0.000000,0.705200,0,0,0.000000
55,0,0,0,0,0.004364,0.005085,0.004364,0.005085,0,1,0.000000,0.000000,0.705200,0,0,0.000000
56,0,0,0,0,0.008282,0.006000,0.008282,0.006000,0,1,0.000000,0.000000,0.705200,0,0,0.000000
57,0,0,0,0,0.011043,0.007832,0.011043,0.007832,0,1,0.000000,0.000000,0.705200,0,0,0.000000
58,0,0,0,0,0.012687,0.014052,0.012687,0.014052,0,1,0.000000,0.000000,0.705200,0,0,0.000000
59,0,0,0,0,0.017190,0.020917,0.017190,0.020917,0,1,0.000000,0.000000,0.705200,0,0,0.000000
60,0,0,0,0,0.008275,0.003536,0.008275,0.003536,0,1,0.000000,0.000000,0.705200,0,0,0.000000
61,0,0,0,0,0.011052,0.001824,0.011052,0.001824,0,1,0.000000,0.000000,0.705200,0,0,0.000000
62,0,0,0,0,0.011622,0.010912,0.011622,0.010912,0,1,0.000000,0.000000,0.705200,0,0,0.000000
63,0,0,0,0,0.017092,0.013021,0.017092,0.013021,0,1,0.000000,0.000000,0.705200,0,0,0.000000
64,0,0,0,0,0.023150,0.003781,0.023150,0.003781,0,1,0.000000,0.000000,0.705200,0,0,0.000000
65,0,0,0,0,0.026079,0.027410,0.026079,0.027410,0,1,0.000000,0.000000,0.705200,0,0,0.000000
66,0,0,0,0,0.008920,0.023396,0.008920,0.023396,0,1,0.000000,0.000000,0.705200,0,0,0.000000
67,0,0,0,0,0.027678,0.008033,0.027678,0.008033,0,1,0.000000,0.000000,0.705200,0,0,0.000000
68,0,0,0,0,0.028636,0.018338,0.028636,0.018338,0,1,0.000000,0.000000,0.705200,0,0,0.000000
69,0,0,0,0,0.046302,0.033355,0.046302,0.033355,0,1,0.000000,0.000000,0.705200,0,0,0.000000
70,0,0,0,0,0.019107,0.011612,0.019107,0.011612,0,1,0.000000,0.000000,0.705200,0,0,0.000000
71,0,0,0,0,0.027000,0.015190,0.027000,0.015190,0,1,0.000000,0.000000,0.705200,0,0,0.000000
72,0,0,0,0,0.017598,0.020095,0.017598,0.020095,0,1,0.000000,0.000000,0.705200,0,0,0.000000
73,0,0,0,0,0.020566,0.027763,0.020566,0.027763,0,1,0.000000,0.000000,0.705200,0,0,0.000000
74,0,0,0,0,0.026198,0.007561,0.026198,0.007561,0,1,0.000000,0.000000,0.705200,0,0,0.000000
75,0,0,0,0,0.027608,0.018836,0.027608,0.018836,0,1,0.000000,0.000000,0.705200,0,0,0.000000
76,0,0,0,0,0.045732,0.040325,0.045732,0.040325,0,1,0.000000,0.000000,0.705200,0,0,0.000000
77,0,0,0,0,0.010398,0.017173,0.010398,0.017173,0,1,0.000000,0.000000,0.705200,0,0,0.000000
78,0,0,0,0,0.018479,0.024002,0.018479,0.024002,0,1,0.000000,0.000000,0.705200,0,0,0.000000
79,0,0,0,0,0.012925,0.008779,0.012925,0.008779,0,1,0.000000,0.000000,0.705200,0,0,0.000000
80,0,0,0,0,0.009157,0.010344,0.009157,0.010344,0,1,0.000000,0.000000,0.705200,0,0,0.000000
81,0,0,0,0,0.014983,0.013311,0.014983,0.013311,0,1,0.000000,0.000000,0.705200,0,0,0.000000
82,0,0,0,0,0.024652,0.015656,0.024652,0.015656,0,1,0.000000,0.000000,0.200000,0,0,0.000000
83,0,0,0,0,0.039699,0.006014,0.039699,0.006014,0,1,0.000000,0.000000,0.705200,0,0,0.000000
84,0,0,0,0,0.045232,0.052357,0.045232,0.052357,0,1,0.000000,0.000000,0.705200,0,0,0.000000
85,0,0,0,0,0.013252,0.020014,0.013252,0.020014,0,1,0.000000,0.000000,0.705200,0,0,0.000000
86,0,0,0,0,0.015644,0.008441,0.015644,0.008441,0,1,0.000000,0.000000,0.705200,0,0,0.000000
87,0,0,0,0,0.017067,0.003733,0.017067,0.003733,0,1,0.000000,0.000000,0.705200,0,0,0.000000
88,0,0,0,0,0.014195,0.008298,0.014195,0.008298,0,1,0.000000,0.000000,0.705200,0,0,0.000000
89,0,0,0,0,0.020139,0.011043,0.020139,0.011043,0,1,0.000000,0.000000,0.200000,0,0,0.000000
90,0,0,0,0,0.025212,0.019081,0.025212,0.019081,0,1,0.000000,0.000000,0.705200,0,0,0.000000
91,0,0,0,0,0.026501,0.002991,0.026501,0.002991,0,1,0.000000,0.000000,0.705200,0,0,0.000000
92,0,0,0,0,0.026711,0.004801,0.026711,0.004801,0,1,0.000000,0.000000,0.705200,0,0,0.000000
93,0,0,0,0,0.024236,0.012712,0.024236,0.012712,0,1,0.000000,0.000000,0.705200,0,0,0.000000
94,0,0,0,0,0.032442,0.001950,0.032442,0.001950,0,1,0.000000,0.000000,0.705200,0,0,0.000000
95,0,0,0,0,0.030600,0.016023,0.030600,0.016023,0,1,0.000000,0.000000,0.705200,0,0,0.000000
96,0,0,0,0,0.018908,0.002078,0.018908,0.002078,0,1,0.000000,0.000000,0.705200,0,0,0.000000
97,0,0,0,0,0.020709,0.009105,0.020709,0.009105,0,1,0.000000,0.000000,0.705200,0,0,0.000000
98,0,0,0,0,0.018458,0.003470,0.018458,0.003470,0,1,0.000000,0.000000,0.705200,0,0,0.000000
99,0,0,0,0,0.016040,0.006464,0.016040,0.006464,0,1,0.000000,0.000000,0.705200,0,0,0.000000
100,0,0,0,0,0.016734,0.015654,0.016734,0.015654,0,1,0.000000,0.000000,0.705200,0,0,0.000000
101,0,0,0,0,0.013075,0.028479,0.013075,0.028479,0,1,0.000000,0.000000,0.705200,0,0,0.000000
102,0,0,0,0,0.026742,0.018156,0.026742,0.018156,0,1,0.000000,0.000000,0.705200,0,0,0.000000
103,0,0,0,0,0.012991,0.008183,0.012991,0.008183,0,1,0.000000,0.000000,0.705200,0,0,0.000000
104,0,0,0,0,0.018520,0.008477,0.018520,0.008477,0,1,0.000000,0.000000,0.705200,0,0,0.000000
105,0,0,0,0,0.019733,0.006377,0.019733,0.006377,0,1,0.000000,0.000000,0.705200,0,0,0.000000
106,0,0,0,0,0.021996,0.019913,0.021996,0.019913,0,1,0.000000,0.000000,0.705200,0,0,0.000000
107,0,0,0,0,0.023466,0.008161,0.023466,0.008161,0,1,0.000000,0.000000,0.705200,0,0,0.000000
108,0,0,0,0,0.017199,0.007733,0.017199,0.007733,0,1,0.000000,0.000000,0.705200,0,0,0.000000
109,0,0,0,0,0.017078,0.019787,0.017078,0.019787,0,1,0.000000,0.000000,0.705200,0,0,0.000000
110,0,0,0,0,0.031295,0.002379,0.031295,0.002379,0,1,0.000000,0.000000,0.705200,0,0,0.000000
111,0,0,0,0,0.030789,0.003924,0.030789,0.003924,0,1,0.000000,0.000000,0.705200,0,0,0.000000
112,0,0,0,0,0.030919,0.008288,0.030919,0.008288,0,1,0.000000,0.000000,0.705200,0,0,0.000000
113,0,0,0,0,0.023770,0.013378,0.023770,0.013378,0,1,0.000000,0.000000,0.705200,0,0,0.000000
114,0,0,0,0,0.015904,0.005202,0.015904,0.005202,0,1,0.000000,0.000000,0.705200,0,0,0.000000
115,0,0,0,0,0.016527,0.005495,0.016527,0.005495,0,1,0.000000,0.000000,0.705200,0,0,0.000000
116,0,0,0,0,0.014570,0.011981,0.014570,0.011981,0,1,0.000000,0.000000,0.705200,0,0,0.000000
117,0,0,0,0,0.019964,0.004030,0.019964,0.004030,0,1,0.000000,0.000000,0.705200,0,0,0.000000
118,0,0,0,0,0.018342,0.008990,0.018342,0.008990,0,1,0.000000,0.000000,0.705200,0,0,0.000000
119,0,1,0,1,0.016426,0.293559,0.016426,0.293559,0,1,0.000000,0.000000,0.705200,0,0,0.000000
120,1,1,1,1,0.283010,0.589000,0.283010,0.589000,0,1,0.000000,0.000000,0.705200,0,0,0.000000
121,1,1,1,1,0.306423,0.288830,0.306423,0.288830,0,1,0.000000,0.000000,0.705200,0,0,0.000000
122,0,1,0,1,0.021849,0.306855,0.021849,0.306855,0,1,0.000000,0.000000,0.705200,0,0,0.000000
123,1,1,1,1,0.289862,0.616606,0.289862,0.616606,0,1,0.000000,0.000000,0.705200,0,0,0.000000
124,1,1,1,1,0.327224,0.324514,0.327224,0.324514,0,1,0.000000,0.000000,0.705200,0,0,0.000000
125,0,0,0,0,0.018183,0.007012,0.018183,0.007012,0,1,0.000000,0.000000,0.705200,0,0,0.000000
126,0,0,0,0,0.018543,0.021825,0.018543,0.021825,0,1,0.000000,0.000000,0.705200,0,0,0.000000
127,0,0,0,0,0.027892,0.013273,0.027892,0.013273,0,1,0.000000,0.000000,0.705200,0,0,0.000000
128,0,0,0,0,0.038500,0.016901,0.038500,0.016901,0,1,0.000000,0.000000,0.705200,0,0,0.000000
129,0,0,0,0,0.023711,0.003085,0.023711,0.003085,0,1,0.000000,0.000000,0.705200,0,0,0.000000
130,0,0,0,0,0.020891,0.002432,0.020891,0.002432,0,1,0.000000,0.000000,0.705200,0,0,0.000000
131,0,0,0,0,0.019359,0.017958,0.019359,0.017958,0,1,0.000000,0.000000,0.705200,0,0,0.000000
132,0,0,0,0,0.010466,0.003797,0.010466,0.003797,0,1,0.000000,0.000000,0.705200,0,0,0.000000
133,0,0,0,0,0.011024,0.007414,0.011024,0.007414,0,1,0.000000,0.000000,0.705200,0,0,0.000000
134,0,0,0,0,0.014742,0.005302,0.014742,0.005302,0,1,0.000000,0.000000,0.705200,0,0,0.000000
135,0,0,0,0,0.018268,0.000734,0.018268,0.000734,0,1,0.000000,0.000000,0.705200,0,0,0.000000
136,0,0,0,0,0.017749,0.009757,0.017749,0.009757,0,1,0.000000,0.000000,0.705200,0,0,0.000000
137,0,0,0,0,0.008995,0.019312,0.008995,0.019312,0,1,0.000000,0.000000,0.705200,0,0,0.000000
138,0,0,0,0,0.012952,0.009560,0.012952,0.009560,0,1,0.000000,0.000000,0.705200,0,0,0.000000
139,0,0,0,0,0.004799,0.001500,0.004799,0.001500,0,1,0.000000,0.000000,0.705200,0,0,0.000000
140,0,0,0,0,0.004669,0.014481,0.004669,0.014481,0,1,0.000000,0.000000,0.705200,0,0,0.000000
141,0,0,0,0,0.017762,0.010413,0.017762,0.010413,0,1,0.000000,0.000000,0.705200,0,0,0.000000
142,0,0,0,0,0.007570,0.001382,0.007570,0.001382,0,1,0.000000,0.000000,0.705200,0,0,0.000000
143,0,0,0,0,0.007099,0.001653,0.007099,0.001653,0,1,0.000000,0.000000,0.705200,0,0,0.000000
144,0,0,0,0,0.005929,0.005929,0.005929,0.005929,0,1,0.000000,0.000000,0.200000,0,0,0.000000
145,0,0,0,0,0.000000,0.000000,0.000000,0.000000,0,1,0.000000,0.000000,0.564160,0,0,0.000000
146,0,0,0,0,0.000000,0.000000,0.000000,0.000000,0,1,0.000000,0.000000,0.564160,0,0,0.000000
147,0,0,0,0,0.000000,0.000000,0.000000,0.000000,0,1,0.000000,0.000000,0.564160,0,0,0.000000
148,0,0,0,0,0.000000,0.000000,0.000000,0.000000,0,1,0.000000,0.000000,0.564160,0,0,0.000000
149,0,0,0,0,0.000000,0.000000,0.000000,0.000000,0,1,0.000000,0.000000,0.564160,0,0,0.000000
150,0,0,0,0,0.000000,0.000000,0.000000,0.000000,0,1,0.000000,0.000000,0.564160,0,0,0.000000
151,0,0,0,0,0.000000,0.000000,0.000000,0.000000,0,1,0.000000,0.000000,0.564160,0,0,0.000000
152,0,0,0,0,0.000000,0.000000,0.000000,0.000000,0,1,0.000000,0.000000,0.564160,0,0,0.000000
153,0,0,0,0,0.000000,0.000000,0.000000,0.000000,0,1,0.000000,0.000000,0.564160,0,0,0.000000
154,0,0,0,0,0.000000,0.000000,0.000000,0.000000,0,1,0.000000,0.000000,0.564160,0,0,0.000000
155,0,0,0,0,0.000000,0.000000,0.000000,0.000000,0,1,0.000000,0.000000,0.564160,0,0,0.000000
156,0,0,0,0,0.000000,0.000000,0.000000,0.000000,0,1,0.000000,0.000000,0.564160,0,0,0.000000
157,0,0,0,0,0.000000,0.000000,0.000000,0.000000,0,1,0.000000,0.000000,0.564160,0,0,0.000000
158,0,0,0,0,0.000000,0.000000,0.000000,0.000000,0,1,0.000000,0.000000,0.564160,0,0,0.000000
159,0,0,0,0,0.000000,0.000000,0.000000,0.000000,0,1,0.000000,0.000000,0.564160,0,0,0.000000
160,0,0,0,0,0.000000,0.000000,0.000000,0.000000,0,1,0.000000,0.000000,0.564160,0,0,0.000000
161,0,0,0,0,0.000000,0.000000,0.000000,0.000000,0,1,0.000000,0.000000,0.564160,0,0,0.000000
162,0,0,0,0,0.000000,0.000000,0.000000,0.000000,0,1,0.000000,0.000000,0.564160,0,0,0.000000
163,0,0,0,0,0.000000,0.000000,0.000000,0.000000,0,1,0.000000,0.000000,0.564160,0,0,0.000000
164,0,0,0,0,0.000000,0.000000,0.000000,0.000000,0,1,0.000000,0.000000,0.564160,0,0,0.000000
165,0,0,0,0,0.000000,0.000000,0.000000,0.000000,0,1,0.000000,0.000000,0.564160,0,0,0.000000
166,0,0,0,0,0.000000,0.000000,0.000000,0.000000,0,1,0.000000,0.000000,0.564160,0,0,0.000000
167,0,0,0,0,0.000000,0.000000,0.000000,0.000000,0,1,0.000000,0.000000,0.564160,0,0,0.000000
168,0,0,0,0,0.000000,0.000000,0.000000,0.000000,0,1,0.000000,0.000000,0.564160,0,0,0.000000
169,0,0,0,0,0.000000,0.000000,0.000000,0.000000,0,1,0.000000,0.000000,0.564160,0,0,0.000000
170,0,0,0,0,0.000000,0.000000,0.000000,0.000000,0,1,0.000000,0.000000,0.564160,0,0,0.000000
171,0,0,0,0,0.000000,0.000000,0.000000,0.000000,0,1,0.000000,0.000000,0.564160,0,0,0.000000
172,0,0,0,0,0.000000,0.000000,0.000000,0.000000,0,1,0.000000,0.000000,0.564160,0,0,0.000000
173,0,0,0,0,0.000000,0.000000,0.000000,0.000000,0,1,0.000000,0.000000,0.564160,0,0,0.000000
174,0,0,0,0,0.000000,0.000000,0.000000,0.000000,0,1,0.000000,0.000000,0.564160,0,0,0.000000
175,0,0,0,0,0.000000,0.000000,0.000000,0.000000,0,1,0.000000,0.000000,0.564160,0,0,0.000000
176,0,0,0,0,0.000000,0.000000,0.000000,0.000000,0,1,0.000000,0.000000,0.564160,0,0,0.000000
177,0,0,0,0,0.000000,0.000000,0.000000,0.000000,0,1,0.000000,0.000000,0.564160,0,0,0.000000
178,0,0,0,0,0.000000,0.000000,0.000000,0.000000,0,1,0.000000,0.000000,0.564160,0,0,0.000000
179,0,0,0,0,0.000000,0.000000,0.000000,0.000000,0,1,0.000000,0.000000,0.564160,0,0,0.000000
180,0,0,0,0,0.000000,0.000000,0.000000,0.000000,0,1,0.000000,0.000000,0.564160,0,0,0.000000
181,0,0,0,0,0.000000,0.000000,0.000000,0.000000,0,1,0.000000,0.000000,0.564160,0,0,0.000000
182,0,0,0,0,0.000000,0.000000,0.000000,0.000000,0,1,0.000000,0.000000,0.564160,0,0,0.000000
183,0,0,0,0,0.000000,0.000000,0.000000,0.000000,0,1,0.000000,0.000000,0.564160,0,0,0.000000
184,0,0,0,0,0.000000,0.000000,0.000000,0.000000,0,1,0.000000,0.000000,0.564160,0,0,0.000000
185,0,0,0,0,0.000000,0.000000,0.000000,0.000000,0,1,0.000000,0.000000,0.564160,0,0,0.000000
186,0,0,0,0,0.000000,0.000000,0.000000,0.000000,0,1,0.000000,0.000000,0.564160,0,0,0.000000
187,0,0,0,0,0.000000,0.000000,0.000000,0.000000,0,1,0.000000,0.000000,0.564160,0,0,0.000000
188,0,0,0,0,0.000000,0.000000,0.000000,0.000000,0,1,0.000000,0.000000,0.564160,0,0,0.000000
189,0,0,0,0,0.000000,0.000000,0.000000,0.000000,0,1,0.000000,0.000000,0.564160,0,0,0.000000
190,0,0,0,0,0.000000,0.000000,0.000000,0.000000,0,1,0.000000,0.000000,0.564160,0,0,0.000000
191,0,0,0,0,0.000000,0.000000,0.000000,0.000000,0,1,0.000000,0.000000,0.564160,0,0,0.000000
192,0,0,0,0,0.000000,0.000000,0.000000,0.000000,0,1,0.000000,0.000000,0.564160,0,0,0.000000
