frame,time,ref_u,ref_v,ref_u_smooth,ref_v_smooth,ref_u_fit,ref_v_fit,ref_source,ref_type,support_u,support_v,support_v_raw,support_dv,support_dv_smooth,support_source,contact_u,contact_v,contact_source,object_ref_depth_m,contact_proxy_depth_m,contact_depth_offset_m,ref_conf,support_conf,contact_conf,depth_conf,observation_conf,visible_fraction,occlusion_state,vlm_visibility,proxy_conf,proxy_jitter_px,support_jitter_px,proxy_sigma_px,support_sigma_px,active_label,active_label_conf,active_part_u,active_part_v,active_part_z,contact_proxy_name,da3_depth_raw,da3_depth_smooth,object_depth_raw,object_depth_smooth,object_depth_confidence,support_gap_px,object_motion_score,audio_score,radius_px
1,0.000000,716.594,260.312,716.594,260.312,716.594,260.312,cotracker_sam2_mask_points,center,716.594,269.386,269.386,9.074,9.074,cotracker_bottom,,,stage2_contact_policy,2.857031,,,1.000000,0.000000,0.000000,1.000000,1.000000,1.000000,visible,visible,1.000000,0.000000,0.000000,5.000000,8.000000,,,,,,,2.860300,2.857031,2.857031,2.857031,1.000000,0.000000,,,9.739
2,0.041667,715.566,257.373,715.566,257.373,715.566,257.373,cotracker_sam2_mask_points,center,715.566,266.954,266.954,9.581,9.581,cotracker_bottom,,,stage2_contact_policy,2.853763,,,1.000000,0.000000,0.000000,1.000000,1.000000,1.000000,visible,visible,1.000000,0.000000,0.000000,5.000000,8.000000,,,,,,,2.853763,2.853763,2.853763,2.853763,1.000000,0.000000,,,9.424
3,0.083333,714.434,258.615,714.434,258.615,714.434,258.615,cotracker_sam2_mask_points,center,714.434,268.132,268.132,9.517,9.517,cotracker_bottom,,,stage2_contact_policy,2.855588,,,1.000000,0.000000,0.000000,1.000000,1.000000,1.000000,visible,visible,1.000000,0.000000,0.000000,5.000000,8.000000,,,,,,,2.868666,2.855588,2.855588,2.855588,1.000000,0.000000,,,9.541
4,0.125000,712.913,265.354,712.913,265.354,712.913,265.354,cotracker_sam2_mask_points,center,712.913,275.024,275.024,9.670,9.670,cotracker_bottom,,,stage2_contact_policy,2.853763,,,1.000000,0.000000,0.000000,1.000000,1.000000,1.000000,visible,visible,1.000000,0.000000,0.000000,5.000000,8.000000,,,,,,,2.851197,2.853763,2.853763,2.853763,1.000000,0.000000,,,10.124
5,0.166667,711.575,277.903,711.575,277.903,711.575,277.903,cotracker_sam2_mask_points,center,711.575,288.895,288.895,10.992,10.992,cotracker_bottom,,,stage2_contact_policy,2.853763,,,1.000000,0.000000,0.000000,1.000000,1.000000,1.000000,visible,visible,1.000000,0.000000,0.000000,5.000000,8.000000,,,,,,,2.847819,2.853763,2.853763,2.853763,1.000000,0.000000,,,10.734
6,0.208333,710.172,297.984,710.172,297.984,710.172,297.984,cotracker_sam2_mask_points,center,710.172,309.608,309.608,11.624,11.624,cotracker_bottom,,,stage2_contact_policy,2.857414,,,1.000000,0.000000,0.000000,1.000000,1.000000,1.000000,visible,visible,1.000000,0.000000,0.000000,5.000000,8.000000,,,,,,,2.857414,2.857414,2.857414,2.857414,1.000000,0.000000,,,10.896
7,0.250000,708.171,325.845,708.171,325.845,708.171,325.845,cotracker_sam2_mask_points,center,708.171,337.403,337.403,11.558,11.558,cotracker_bottom,,,stage2_contact_policy,2.857414,,,1.000000,0.000000,0.000000,1.000000,1.000000,1.000000,visible,visible,1.000000,0.000000,0.000000,5.000000,8.000000,,,,,,,2.848770,2.857414,2.857414,2.857414,1.000000,0.000000,,,12.061
8,0.291667,706.459,361.968,706.459,361.968,706.459,361.968,cotracker_sam2_mask_points,center,706.459,373.212,373.212,11.244,11.244,cotracker_bottom,,,stage2_contact_policy,2.857533,,,1.000000,0.000000,0.000000,1.000000,1.000000,1.000000,visible,visible,1.000000,0.000000,0.000000,5.000000,8.000000,,,,,,,2.857533,2.857533,2.857533,2.857533,1.000000,0.000000,,,12.952
9,0.333333,703.437,407.721,703.437,407.721,703.437,407.721,cotracker_sam2_mask_points,center,703.437,424.070,424.070,16.349,16.349,cotracker_bottom,,,stage2_contact_policy,2.881889,,,1.000000,0.000000,0.000000,1.000000,1.000000,1.000000,visible,visible,1.000000,0.000000,0.000000,5.000000,8.000000,,,,,,,2.892511,2.881889,2.881889,2.881889,1.000000,0.000000,,,14.127
10,0.375000,700.468,465.880,700.468,465.880,700.468,465.880,cotracker_sam2_mask_points,center,700.468,483.548,483.548,17.668,17.668,cotracker_bottom,,,stage2_contact_policy,2.892511,,,1.000000,0.000000,0.000000,1.000000,1.000000,1.000000,visible,visible,1.000000,0.000000,0.000000,5.000000,8.000000,,,,,,,2.881889,2.892511,2.892511,2.892511,1.000000,0.000000,,,15.554
11,0.416667,700.496,533.759,700.496,533.759,700.496,533.759,cotracker_sam2_mask_points,center,700.496,552.199,552.199,18.440,18.440,cotracker_bottom,,,stage2_contact_policy,2.916760,,,1.000000,0.000000,0.000000,1.000000,1.000000,1.000000,visible,visible,1.000000,0.000000,0.000000,5.000000,8.000000,,,,,,,2.927993,2.916760,2.916760,2.916760,1.000000,0.000000,,,16.323
12,0.458333,698.427,489.899,698.427,489.899,698.427,489.899,cotracker_sam2_mask_points,center,698.427,504.907,504.907,15.008,15.008,cotracker_bottom,,,stage2_contact_policy,2.916760,,,1.000000,0.000000,0.000000,1.000000,1.000000,1.000000,visible,visible,1.000000,0.000000,0.000000,5.000000,8.000000,,,,,,,2.932602,2.916760,2.916760,2.916760,1.000000,0.000000,,,13.727
13,0.500000,698.643,452.866,698.643,452.866,698.643,452.866,cotracker_sam2_mask_points,center,698.643,466.209,466.209,13.343,13.343,cotracker_bottom,,,stage2_contact_policy,2.916760,,,1.000000,0.000000,0.000000,1.000000,1.000000,1.000000,visible,visible,1.000000,0.000000,0.000000,5.000000,8.000000,,,,,,,2.922988,2.916760,2.916760,2.916760,1.000000,0.000000,,,13.716
14,0.541667,698.881,421.465,698.881,421.465,698.881,421.465,cotracker_sam2_mask_points,center,698.881,433.987,433.987,12.522,12.522,cotracker_bottom,,,stage2_contact_policy,2.916760,,,1.000000,0.000000,0.000000,1.000000,1.000000,1.000000,visible,visible,1.000000,0.000000,0.000000,5.000000,8.000000,,,,,,,2.916760,2.916760,2.916760,2.916760,1.000000,0.000000,,,13.576
15,0.583333,698.991,397.845,698.991,397.845,698.991,397.845,cotracker_sam2_mask_points,center,698.991,410.068,410.068,12.223,12.223,cotracker_bottom,,,stage2_contact_policy,2.872679,,,1.000000,0.000000,0.000000,1.000000,1.000000,1.000000,visible,visible,1.000000,0.000000,0.000000,5.000000,8.000000,,,,,,,2.812658,2.872679,2.872679,2.872679,1.000000,0.000000,,,13.303
16,0.625000,699.208,380.932,699.208,380.932,699.208,380.932,cotracker_sam2_mask_points,center,699.208,391.422,391.422,10.490,10.490,cotracker_bottom,,,stage2_contact_policy,2.858361,,,1.000000,0.000000,0.000000,1.000000,1.000000,1.000000,visible,visible,1.000000,0.000000,0.000000,5.000000,8.000000,,,,,,,2.872679,2.858361,2.858361,2.858361,1.000000,0.000000,,,12.964
17,0.666667,713.732,359.544,713.732,359.544,713.732,359.544,cotracker_sam2_mask_points,center,713.732,370.096,370.096,10.552,10.552,cotracker_bottom,,,stage2_contact_policy,2.854522,,,1.000000,0.000000,0.000000,1.000000,1.000000,1.000000,visible,visible,1.000000,0.000000,0.000000,5.000000,8.000000,,,,,,,1.756563,2.854522,2.854522,2.854522,1.000000,0.000000,,,14.658
18,0.708333,736.775,323.784,736.775,323.784,736.775,323.784,cotracker_sam2_mask_points,center,736.775,333.701,333.701,9.917,9.917,cotracker_bottom,,,stage2_contact_policy,2.812658,,,1.000000,0.000000,0.000000,1.000000,1.000000,1.000000,visible,visible,1.000000,0.000000,0.000000,5.000000,8.000000,,,,,,,2.858361,2.812658,2.812658,2.812658,1.000000,0.000000,,,13.291
19,0.750000,755.960,294.007,755.960,294.007,755.960,294.007,cotracker_sam2_mask_points,center,755.960,305.582,305.582,11.575,11.575,cotracker_bottom,,,stage2_contact_policy,2.793065,,,1.000000,0.000000,0.000000,1.000000,1.000000,1.000000,visible,visible,1.000000,0.000000,0.000000,5.000000,8.000000,,,,,,,2.854522,2.793065,2.793065,2.793065,1.000000,0.000000,,,11.631
20,0.791667,771.679,272.393,771.679,272.393,771.679,272.393,cotracker_sam2_mask_points,center,771.679,283.483,283.483,11.090,11.090,cotracker_bottom,,,stage2_contact_policy,2.763713,,,1.000000,0.000000,0.000000,1.000000,1.000000,1.000000,visible,visible,1.000000,0.000000,0.000000,5.000000,8.000000,,,,,,,2.793065,2.763713,2.763713,2.763713,1.000000,0.000000,,,10.540
21,0.833333,783.665,258.060,783.665,258.060,783.665,258.060,cotracker_sam2_mask_points,center,783.665,267.406,267.406,9.346,9.346,cotracker_bottom,,,stage2_contact_policy,2.763713,,,1.000000,0.000000,0.000000,1.000000,1.000000,1.000000,visible,visible,1.000000,0.000000,0.000000,5.000000,8.000000,,,,,,,2.763713,2.763713,2.763713,2.763713,1.000000,0.000000,,,10.265
22,0.875000,794.802,249.218,794.802,249.218,794.802,249.218,cotracker_sam2_mask_points,center,794.802,258.206,258.206,8.988,8.988,cotracker_bottom,,,stage2_contact_policy,2.740262,,,1.000000,0.000000,0.000000,1.000000,1.000000,1.000000,visible,visible,1.000000,0.000000,0.000000,5.000000,8.000000,,,,,,,2.740262,2.740262,2.740262,2.740262,1.000000,0.000000,,,9.657
23,0.916667,804.050,245.088,804.050,245.088,804.050,245.088,cotracker_sam2_mask_points,center,804.050,254.005,254.005,8.917,8.917,cotracker_bottom,,,stage2_contact_policy,2.697550,,,1.000000,0.000000,0.000000,1.000000,1.000000,1.000000,visible,visible,1.000000,0.000000,0.000000,5.000000,8.000000,,,,,,,2.651210,2.697550,2.697550,2.697550,1.000000,0.000000,,,9.132
24,0.958333,811.446,246.317,811.446,246.317,811.446,246.317,cotracker_sam2_mask_points,center,811.446,254.853,254.853,8.536,8.536,cotracker_bottom,,,stage2_contact_policy,2.681458,,,1.000000,0.000000,0.000000,1.000000,1.000000,1.000000,visible,visible,1.000000,0.000000,0.000000,5.000000,8.000000,,,,,,,2.659315,2.681458,2.681458,2.681458,1.000000,0.000000,,,8.740
25,1.000000,808.421,244.640,808.421,244.640,808.421,244.640,cotracker_sam2_mask_points,center,808.421,251.445,251.445,6.805,6.805,cotracker_bottom,,,stage2_contact_policy,2.681458,,,1.000000,0.000000,0.000000,1.000000,1.000000,1.000000,visible,visible,1.000000,0.000000,0.000000,5.000000,8.000000,,,,,,,2.652987,2.681458,2.681458,2.681458,1.000000,0.000000,,,10.218
26,1.041667,798.745,234.126,798.745,234.126,798.745,234.126,cotracker_sam2_mask_points,center,798.745,242.172,242.172,8.046,8.046,cotracker_bottom,,,stage2_contact_policy,2.681458,,,1.000000,0.000000,0.000000,1.000000,1.000000,1.000000,visible,visible,1.000000,0.000000,0.000000,5.000000,8.000000,,,,,,,2.697550,2.681458,2.681458,2.681458,1.000000,0.000000,,,10.061
27,1.083333,787.110,225.848,787.110,225.848,787.110,225.848,cotracker_sam2_mask_points,center,787.110,234.580,234.580,8.732,8.732,cotracker_bottom,,,stage2_contact_policy,2.697550,,,1.000000,0.000000,0.000000,1.000000,1.000000,1.000000,visible,visible,1.000000,0.000000,0.000000,5.000000,8.000000,,,,,,,2.681458,2.697550,2.697550,2.697550,1.000000,0.000000,,,9.491
28,1.125000,776.170,223.764,776.170,223.764,776.170,223.764,cotracker_sam2_mask_points,center,776.170,232.055,232.055,8.291,8.291,cotracker_bottom,,,stage2_contact_policy,2.744448,,,1.000000,0.000000,0.000000,1.000000,1.000000,1.000000,visible,visible,1.000000,0.000000,0.000000,5.000000,8.000000,,,,,,,2.744448,2.744448,2.744448,2.744448,1.000000,0.000000,,,9.288
29,1.166667,764.263,226.500,764.263,226.500,764.263,226.500,cotracker_sam2_mask_points,center,764.263,233.067,233.067,6.567,6.567,cotracker_bottom,,,stage2_contact_policy,2.762601,,,1.000000,0.000000,0.000000,1.000000,1.000000,1.000000,visible,visible,1.000000,0.000000,0.000000,5.000000,8.000000,,,,,,,2.762601,2.762601,2.762601,2.762601,1.000000,0.000000,,,13.111
30,1.208333,756.900,235.290,756.900,235.290,756.900,235.290,cotracker_sam2_mask_points,center,756.900,245.917,245.917,10.627,10.627,cotracker_bottom,,,stage2_contact_policy,2.840213,,,1.000000,0.000000,0.000000,1.000000,1.000000,1.000000,visible,visible,1.000000,0.000000,0.000000,5.000000,8.000000,,,,,,,2.840213,2.840213,2.840213,2.840213,1.000000,0.000000,,,11.424
31,1.250000,750.000,244.567,750.000,244.567,750.000,244.567,cotracker_sam2_mask_points,center,750.000,252.385,252.385,7.818,7.818,cotracker_bottom,,,stage2_contact_policy,2.852991,,,1.000000,0.000000,0.000000,1.000000,1.000000,1.000000,visible,visible,1.000000,0.000000,0.000000,5.000000,8.000000,,,,,,,2.852991,2.852991,2.852991,2.852991,1.000000,0.000000,,,10.540
32,1.291667,742.562,258.962,742.562,258.962,742.562,258.962,cotracker_sam2_mask_points,center,742.562,268.352,268.352,9.390,9.390,cotracker_bottom,,,stage2_contact_policy,2.873172,,,1.000000,0.000000,0.000000,1.000000,1.000000,1.000000,visible,visible,1.000000,0.000000,0.000000,5.000000,8.000000,,,,,,,2.873172,2.873172,2.873172,2.873172,1.000000,0.000000,,,13.351
33,1.333333,731.613,292.030,731.613,292.030,731.613,292.030,cotracker_sam2_mask_points,center,731.613,311.075,311.075,19.045,19.045,cotracker_bottom,,,stage2_contact_policy,2.873172,,,1.000000,0.000000,0.000000,1.000000,1.000000,1.000000,visible,visible,1.000000,0.000000,0.000000,5.000000,8.000000,,,,,,,2.909797,2.873172,2.873172,2.873172,1.000000,0.000000,,,15.706
34,1.375000,723.470,333.371,723.470,333.371,723.470,333.371,cotracker_sam2_mask_points,center,723.470,356.203,356.203,22.832,22.832,cotracker_bottom,,,stage2_contact_policy,2.899027,,,1.000000,0.000000,0.000000,1.000000,1.000000,1.000000,visible,visible,1.000000,0.000000,0.000000,5.000000,8.000000,,,,,,,2.899027,2.899027,2.899027,2.899027,1.000000,0.000000,,,19.257
35,1.416667,713.977,364.946,713.977,364.946,713.977,364.946,cotracker_sam2_mask_points,center,713.977,375.700,375.700,10.754,10.754,cotracker_bottom,,,stage2_contact_policy,2.909797,,,1.000000,0.000000,0.000000,1.000000,1.000000,1.000000,visible,visible,1.000000,0.000000,0.000000,5.000000,8.000000,,,,,,,2.914288,2.909797,2.909797,2.909797,1.000000,0.000000,,,12.399
36,1.458333,701.658,522.184,701.658,522.184,701.658,522.184,cotracker_sam2_mask_points,center,701.658,427.172,427.172,-95.012,-95.012,cotracker_bottom,,,stage2_contact_policy,2.910119,,,1.000000,0.000000,0.000000,1.000000,1.000000,1.000000,visible,visible,1.000000,0.000000,0.000000,5.000000,8.000000,,,,,,,2.854928,2.910119,2.910119,2.910119,1.000000,0.000000,,,21.822
37,1.500000,695.907,475.397,695.907,475.397,695.907,475.397,cotracker_sam2_mask_points,center,695.907,489.800,489.800,14.403,14.403,cotracker_bottom,,,stage2_contact_policy,2.914288,,,1.000000,0.000000,0.000000,1.000000,1.000000,1.000000,visible,visible,1.000000,0.000000,0.000000,5.000000,8.000000,,,,,,,2.910119,2.914288,2.914288,2.914288,1.000000,0.000000,,,13.315
38,1.541667,694.887,502.183,694.887,502.183,694.887,502.183,cotracker_sam2_mask_points,center,694.887,518.877,518.877,16.694,16.694,cotracker_bottom,,,stage2_contact_policy,2.914288,,,1.000000,0.000000,0.000000,1.000000,1.000000,1.000000,visible,visible,1.000000,0.000000,0.000000,5.000000,8.000000,,,,,,,2.923735,2.914288,2.914288,2.914288,1.000000,0.000000,,,15.023
39,1.583333,696.977,450.768,696.977,450.768,696.977,450.768,cotracker_sam2_mask_points,center,696.977,462.786,462.786,12.018,12.018,cotracker_bottom,,,stage2_contact_policy,2.910119,,,1.000000,0.000000,0.000000,1.000000,1.000000,1.000000,visible,visible,1.000000,0.000000,0.000000,5.000000,8.000000,,,,,,,2.943528,2.910119,2.910119,2.910119,1.000000,0.000000,,,12.890
40,1.625000,698.193,414.429,698.193,414.429,698.193,414.429,cotracker_sam2_mask_points,center,698.193,426.863,426.863,12.434,12.434,cotracker_bottom,,,stage2_contact_policy,2.910119,,,1.000000,0.000000,0.000000,1.000000,1.000000,1.000000,visible,visible,1.000000,0.000000,0.000000,5.000000,8.000000,,,,,,,2.960561,2.910119,2.910119,2.910119,1.000000,0.000000,,,13.207
41,1.666667,698.473,383.418,698.473,383.418,698.473,383.418,cotracker_sam2_mask_points,center,698.473,394.387,394.387,10.969,10.969,cotracker_bottom,,,stage2_contact_policy,2.885062,,,1.000000,0.000000,0.000000,1.000000,1.000000,1.000000,visible,visible,1.000000,0.000000,0.000000,5.000000,8.000000,,,,,,,2.885062,2.885062,2.885062,2.885062,1.000000,0.000000,,,12.679
42,1.708333,698.685,358.808,698.685,358.808,698.685,358.808,cotracker_sam2_mask_points,center,698.685,369.995,369.995,11.187,11.187,cotracker_bottom,,,stage2_contact_policy,2.878093,,,1.000000,0.000000,0.000000,1.000000,1.000000,1.000000,visible,visible,1.000000,0.000000,0.000000,5.000000,8.000000,,,,,,,2.878093,2.878093,2.878093,2.878093,1.000000,0.000000,,,12.679
43,1.750000,698.419,340.378,698.419,340.378,698.419,340.378,cotracker_sam2_mask_points,center,698.419,350.260,350.260,9.882,9.882,cotracker_bottom,,,stage2_contact_policy,2.799587,,,1.000000,0.000000,0.000000,1.000000,1.000000,1.000000,visible,visible,1.000000,0.000000,0.000000,5.000000,8.000000,,,,,,,2.666515,2.799587,2.799587,2.799587,1.000000,0.000000,,,12.514
44,1.791667,697.366,329.260,697.366,329.260,697.366,329.260,cotracker_sam2_mask_points,center,697.366,339.034,339.034,9.774,9.774,cotracker_bottom,,,stage2_contact_policy,2.704130,,,1.000000,0.000000,0.000000,1.000000,1.000000,1.000000,visible,visible,1.000000,0.000000,0.000000,5.000000,8.000000,,,,,,,2.799587,2.704130,2.704130,2.704130,1.000000,0.000000,,,12.578
45,1.833333,695.727,324.030,695.727,324.030,695.727,324.030,cotracker_sam2_mask_points,center,695.727,333.387,333.387,9.357,9.357,cotracker_bottom,,,stage2_contact_policy,2.666515,,,1.000000,0.000000,0.000000,1.000000,1.000000,1.000000,visible,visible,1.000000,0.000000,0.000000,5.000000,8.000000,,,,,,,2.704130,2.666515,2.666515,2.666515,1.000000,0.000000,,,12.952
46,1.875000,693.185,324.401,693.185,324.401,693.185,324.401,cotracker_sam2_mask_points,center,693.185,333.199,333.199,8.798,8.798,cotracker_bottom,,,stage2_contact_policy,2.090137,,,1.000000,0.000000,0.000000,1.000000,1.000000,1.000000,visible,visible,1.000000,0.000000,0.000000,5.000000,8.000000,,,,,,,2.028877,2.090137,2.090137,2.090137,1.000000,0.000000,,,13.183
47,1.916667,699.499,321.704,699.499,321.704,699.499,321.704,cotracker_sam2_mask_points,center,699.499,331.352,331.352,9.648,9.648,cotracker_bottom,,,stage2_contact_policy,2.090137,,,1.000000,0.000000,0.000000,1.000000,1.000000,1.000000,visible,visible,1.000000,0.000000,0.000000,5.000000,8.000000,,,,,,,1.917821,2.090137,2.090137,2.090137,1.000000,0.000000,,,0.000
48,1.958333,725.139,303.239,725.139,303.239,725.139,303.239,cotracker_sam2_mask_points,center,725.139,315.319,315.319,12.080,12.080,cotracker_bottom,,,stage2_contact_policy,2.090137,,,1.000000,0.000000,0.000000,1.000000,1.000000,1.000000,visible,visible,1.000000,0.000000,0.000000,5.000000,8.000000,,,,,,,1.806765,2.090137,2.090137,2.090137,1.000000,0.000000,,,10.705
49,2.000000,745.237,285.059,745.237,285.059,745.237,285.059,cotracker_sam2_mask_points,center,745.237,294.829,294.829,9.770,9.770,cotracker_bottom,,,stage2_contact_policy,2.090137,,,1.000000,0.000000,0.000000,1.000000,1.000000,1.000000,visible,visible,1.000000,0.000000,0.000000,5.000000,8.000000,,,,,,,2.090137,2.090137,2.090137,2.090137,1.000000,0.000000,,,12.903
50,2.041667,766.728,269.820,766.728,269.820,766.728,269.820,cotracker_sam2_mask_points,center,766.728,279.734,279.734,9.914,9.914,cotracker_bottom,,,stage2_contact_policy,2.556384,,,1.000000,0.000000,0.000000,1.000000,1.000000,1.000000,visible,visible,1.000000,0.000000,0.000000,5.000000,8.000000,,,,,,,2.556384,2.556384,2.556384,2.556384,1.000000,0.000000,,,11.199
51,2.083333,784.193,259.731,784.193,259.731,784.193,259.731,cotracker_sam2_mask_points,center,784.193,268.467,268.467,8.736,8.736,cotracker_bottom,,,stage2_contact_policy,2.670545,,,1.000000,0.000000,0.000000,1.000000,1.000000,1.000000,visible,visible,1.000000,0.000000,0.000000,5.000000,8.000000,,,,,,,2.779249,2.670545,2.670545,2.670545,1.000000,0.000000,,,10.202
52,2.125000,798.110,254.144,798.110,254.144,798.110,254.144,cotracker_sam2_mask_points,center,798.110,263.904,263.904,9.760,9.760,cotracker_bottom,,,stage2_contact_policy,2.670545,,,1.000000,0.000000,0.000000,1.000000,1.000000,1.000000,visible,visible,1.000000,0.000000,0.000000,5.000000,8.000000,,,,,,,2.688443,2.670545,2.670545,2.670545,1.000000,0.000000,,,9.624
53,2.166667,809.241,253.441,809.241,253.441,809.241,253.441,cotracker_sam2_mask_points,center,809.241,261.306,261.306,7.865,7.865,cotracker_bottom,,,stage2_contact_policy,2.672549,,,1.000000,0.000000,0.000000,1.000000,1.000000,1.000000,visible,visible,1.000000,0.000000,0.000000,5.000000,8.000000,,,,,,,2.670545,2.672549,2.672549,2.672549,1.000000,0.000000,,,9.950
54,2.208333,802.602,244.488,802.602,244.488,802.602,244.488,cotracker_sam2_mask_points,center,802.602,251.492,251.492,7.004,7.004,cotracker_bottom,,,stage2_contact_policy,2.688443,,,1.000000,0.000000,0.000000,1.000000,1.000000,1.000000,visible,visible,1.000000,0.000000,0.000000,5.000000,8.000000,,,,,,,2.672549,2.688443,2.688443,2.688443,1.000000,0.000000,,,11.562
55,2.250000,789.364,230.879,789.364,230.879,789.364,230.879,cotracker_sam2_mask_points,center,789.364,240.195,240.195,9.316,9.316,cotracker_bottom,,,stage2_contact_policy,2.688443,,,1.000000,0.000000,0.000000,1.000000,1.000000,1.000000,visible,visible,1.000000,0.000000,0.000000,5.000000,8.000000,,,,,,,2.659312,2.688443,2.688443,2.688443,1.000000,0.000000,,,9.982
56,2.291667,776.365,224.567,776.365,224.567,776.365,224.567,cotracker_sam2_mask_points,center,776.365,234.287,234.287,9.720,9.720,cotracker_bottom,,,stage2_contact_policy,2.704167,,,1.000000,0.000000,0.000000,1.000000,1.000000,1.000000,visible,visible,1.000000,0.000000,0.000000,5.000000,8.000000,,,,,,,2.713570,2.704167,2.704167,2.704167,1.000000,0.000000,,,9.474
57,2.333333,763.041,223.884,763.041,223.884,763.041,223.884,cotracker_sam2_mask_points,center,763.041,232.158,232.158,8.274,8.274,cotracker_bottom,,,stage2_contact_policy,2.713570,,,1.000000,0.000000,0.000000,1.000000,1.000000,1.000000,visible,visible,1.000000,0.000000,0.000000,5.000000,8.000000,,,,,,,2.704167,2.713570,2.713570,2.713570,1.000000,0.000000,,,9.236
58,2.375000,749.860,227.795,749.860,227.795,749.860,227.795,cotracker_sam2_mask_points,center,749.860,236.914,236.914,9.119,9.119,cotracker_bottom,,,stage2_contact_policy,2.741127,,,1.000000,0.000000,0.000000,1.000000,1.000000,1.000000,visible,visible,1.000000,0.000000,0.000000,5.000000,8.000000,,,,,,,2.741127,2.741127,2.741127,2.741127,1.000000,0.000000,,,9.167
59,2.416667,736.335,236.361,736.335,236.361,736.335,236.361,cotracker_sam2_mask_points,center,736.335,245.464,245.464,9.103,9.103,cotracker_bottom,,,stage2_contact_policy,2.770334,,,1.000000,0.000000,0.000000,1.000000,1.000000,1.000000,visible,visible,1.000000,0.000000,0.000000,5.000000,8.000000,,,,,,,2.770334,2.770334,2.770334,2.770334,1.000000,0.000000,,,9.253
60,2.458333,722.302,250.253,722.302,250.253,722.302,250.253,cotracker_sam2_mask_points,center,722.302,260.162,260.162,9.909,9.909,cotracker_bottom,,,stage2_contact_policy,2.785994,,,1.000000,0.000000,0.000000,1.000000,1.000000,1.000000,visible,visible,1.000000,0.000000,0.000000,5.000000,8.000000,,,,,,,2.785994,2.785994,2.785994,2.785994,1.000000,0.000000,,,9.458
61,2.500000,709.498,269.288,709.498,269.288,709.498,269.288,cotracker_sam2_mask_points,center,709.498,279.640,279.640,10.352,10.352,cotracker_bottom,,,stage2_contact_policy,2.835292,,,1.000000,0.000000,0.000000,1.000000,1.000000,1.000000,visible,visible,1.000000,0.000000,0.000000,5.000000,8.000000,,,,,,,2.835292,2.835292,2.835292,2.835292,1.000000,0.000000,,,9.525
62,2.541667,696.720,293.582,696.720,293.582,696.720,293.582,cotracker_sam2_mask_points,center,696.720,302.839,302.839,9.257,9.257,cotracker_bottom,,,stage2_contact_policy,2.859814,,,1.000000,0.000000,0.000000,1.000000,1.000000,1.000000,visible,visible,1.000000,0.000000,0.000000,5.000000,8.000000,,,,,,,2.859814,2.859814,2.859814,2.859814,1.000000,0.000000,,,9.950
63,2.583333,684.580,322.285,684.580,322.285,684.580,322.285,cotracker_sam2_mask_points,center,684.580,332.024,332.024,9.739,9.739,cotracker_bottom,,,stage2_contact_policy,2.875583,,,1.000000,0.000000,0.000000,1.000000,1.000000,1.000000,visible,visible,1.000000,0.000000,0.000000,5.000000,8.000000,,,,,,,2.875583,2.875583,2.875583,2.875583,1.000000,0.000000,,,10.077
64,2.625000,671.781,354.887,671.781,354.887,671.781,354.887,cotracker_sam2_mask_points,center,671.781,364.141,364.141,9.254,9.254,cotracker_bottom,,,stage2_contact_policy,2.924118,,,1.000000,0.000000,0.000000,1.000000,1.000000,1.000000,visible,visible,1.000000,0.000000,0.000000,5.000000,8.000000,,,,,,,2.936097,2.924118,2.924118,2.924118,1.000000,0.000000,,,10.093
65,2.666667,661.504,390.071,661.504,390.071,661.504,390.071,cotracker_sam2_mask_points,center,661.504,399.314,399.314,9.243,9.243,cotracker_bottom,,,stage2_contact_policy,2.927587,,,1.000000,0.000000,0.000000,1.000000,1.000000,1.000000,visible,visible,1.000000,0.000000,0.000000,5.000000,8.000000,,,,,,,2.928441,2.927587,2.927587,2.927587,1.000000,0.000000,,,10.388
66,2.708333,653.275,392.665,653.275,392.665,653.275,392.665,cotracker_sam2_mask_points,center,653.275,403.207,403.207,10.542,10.542,cotracker_bottom,,,stage2_contact_policy,2.928441,,,1.000000,0.000000,0.000000,1.000000,1.000000,1.000000,visible,visible,1.000000,0.000000,0.000000,5.000000,8.000000,,,,,,,2.924118,2.928441,2.928441,2.928441,1.000000,0.000000,,,9.253
67,2.750000,647.730,366.986,647.730,366.986,647.730,366.986,cotracker_sam2_mask_points,center,647.730,376.950,376.950,9.964,9.964,cotracker_bottom,,,stage2_contact_policy,2.932838,,,1.000000,0.000000,0.000000,1.000000,1.000000,1.000000,visible,visible,1.000000,0.000000,0.000000,5.000000,8.000000,,,,,,,2.932838,2.932838,2.932838,2.932838,1.000000,0.000000,,,9.474
68,2.791667,641.510,345.610,641.510,345.610,641.510,345.610,cotracker_sam2_mask_points,center,641.510,356.231,356.231,10.621,10.621,cotracker_bottom,,,stage2_contact_policy,2.928441,,,1.000000,0.000000,0.000000,1.000000,1.000000,1.000000,visible,visible,1.000000,0.000000,0.000000,5.000000,8.000000,,,,,,,2.927587,2.928441,2.928441,2.928441,1.000000,0.000000,,,9.772
69,2.833333,635.722,330.408,635.722,330.408,635.722,330.408,cotracker_sam2_mask_points,center,635.722,339.934,339.934,9.526,9.526,cotracker_bottom,,,stage2_contact_policy,2.927587,,,1.000000,0.000000,0.000000,1.000000,1.000000,1.000000,visible,visible,1.000000,0.000000,0.000000,5.000000,8.000000,,,,,,,2.948798,2.927587,2.927587,2.927587,1.000000,0.000000,,,9.918
70,2.875000,628.564,320.312,628.564,320.312,628.564,320.312,cotracker_sam2_mask_points,center,628.564,329.213,329.213,8.901,8.901,cotracker_bottom,,,stage2_contact_policy,2.932838,,,1.000000,0.000000,0.000000,1.000000,1.000000,1.000000,visible,visible,1.000000,0.000000,0.000000,5.000000,8.000000,,,,,,,2.948609,2.932838,2.932838,2.932838,1.000000,0.000000,,,9.739
71,2.916667,620.060,315.217,620.060,315.217,620.060,315.217,cotracker_sam2_mask_points,center,620.060,324.150,324.150,8.933,8.933,cotracker_bottom,,,stage2_contact_policy,2.927587,,,1.000000,0.000000,0.000000,1.000000,1.000000,1.000000,visible,visible,1.000000,0.000000,0.000000,5.000000,8.000000,,,,,,,2.875314,2.927587,2.927587,2.927587,1.000000,0.000000,,,10.555
72,2.958333,610.368,314.932,610.368,314.932,610.368,314.932,cotracker_sam2_mask_points,center,610.368,324.398,324.398,9.466,9.466,cotracker_bottom,,,stage2_contact_policy,2.875314,,,1.000000,0.000000,0.000000,1.000000,1.000000,1.000000,visible,visible,1.000000,0.000000,0.000000,5.000000,8.000000,,,,,,,2.517283,2.875314,2.875314,2.875314,1.000000,0.000000,,,10.852
73,3.000000,599.411,320.264,599.411,320.264,599.411,320.264,cotracker_sam2_mask_points,center,599.411,328.525,328.525,8.261,8.261,cotracker_bottom,,,stage2_contact_policy,2.875314,,,1.000000,0.000000,0.000000,1.000000,1.000000,1.000000,visible,visible,1.000000,0.000000,0.000000,5.000000,8.000000,,,,,,,2.954836,2.875314,2.875314,2.875314,1.000000,0.000000,,,11.672
74,3.041667,592.737,324.486,592.737,324.486,592.737,324.486,cotracker_sam2_mask_points,center,592.737,335.994,335.994,11.508,11.508,cotracker_bottom,,,stage2_contact_policy,2.517283,,,1.000000,0.000000,0.000000,1.000000,1.000000,1.000000,visible,visible,1.000000,0.000000,0.000000,5.000000,8.000000,,,,,,,1.955767,2.517283,2.517283,2.517283,1.000000,0.000000,,,7.464
75,3.083333,590.440,321.193,590.440,321.193,590.440,321.193,cotracker_sam2_mask_points,center,590.440,334.572,334.572,13.379,13.379,cotracker_bottom,,,stage2_contact_policy,2.517283,,,1.000000,0.000000,0.000000,1.000000,1.000000,1.000000,visible,visible,1.000000,0.000000,0.000000,5.000000,8.000000,,,,,,,2.488495,2.517283,2.517283,2.517283,1.000000,0.000000,,,7.269
76,3.125000,599.965,306.331,599.965,306.331,599.965,306.331,cotracker_sam2_mask_points,center,599.965,316.590,316.590,10.259,10.259,cotracker_bottom,,,stage2_contact_policy,2.549986,,,1.000000,0.000000,0.000000,1.000000,1.000000,1.000000,visible,visible,1.000000,0.000000,0.000000,5.000000,8.000000,,,,,,,2.925969,2.549986,2.549986,2.549986,1.000000,0.000000,,,12.754
77,3.166667,615.506,289.119,615.506,289.119,615.506,289.119,cotracker_sam2_mask_points,center,615.506,298.610,298.610,9.491,9.491,cotracker_bottom,,,stage2_contact_policy,2.549986,,,1.000000,0.000000,0.000000,1.000000,1.000000,1.000000,visible,visible,1.000000,0.000000,0.000000,5.000000,8.000000,,,,,,,2.463582,2.549986,2.549986,2.549986,1.000000,0.000000,,,12.361
78,3.208333,629.538,280.579,629.538,280.579,629.538,280.579,cotracker_sam2_mask_points,center,629.538,289.729,289.729,9.150,9.150,cotracker_bottom,,,stage2_contact_policy,2.565940,,,1.000000,0.000000,0.000000,1.000000,1.000000,1.000000,visible,visible,1.000000,0.000000,0.000000,5.000000,8.000000,,,,,,,2.549986,2.565940,2.565940,2.565940,1.000000,0.000000,,,12.754
79,3.250000,642.672,277.666,642.672,277.666,642.672,277.666,cotracker_sam2_mask_points,center,642.672,287.640,287.640,9.974,9.974,cotracker_bottom,,,stage2_contact_policy,2.565940,,,1.000000,0.000000,0.000000,1.000000,1.000000,1.000000,visible,visible,1.000000,0.000000,0.000000,5.000000,8.000000,,,,,,,2.613485,2.565940,2.565940,2.565940,1.000000,0.000000,,,12.878
80,3.291667,655.950,282.406,655.950,282.406,655.950,282.406,cotracker_sam2_mask_points,center,655.950,292.486,292.486,10.080,10.080,cotracker_bottom,,,stage2_contact_policy,2.549986,,,1.000000,0.000000,0.000000,1.000000,1.000000,1.000000,visible,visible,1.000000,0.000000,0.000000,5.000000,8.000000,,,,,,,2.839058,2.549986,2.549986,2.549986,1.000000,0.000000,,,13.135
81,3.333333,668.766,293.747,668.766,293.747,668.766,293.747,cotracker_sam2_mask_points,center,668.766,303.737,303.737,9.990,9.990,cotracker_bottom,,,stage2_contact_policy,2.549986,,,1.000000,0.000000,0.000000,1.000000,1.000000,1.000000,visible,visible,1.000000,0.000000,0.000000,5.000000,8.000000,,,,,,,2.565940,2.549986,2.549986,2.549986,1.000000,0.000000,,,13.493
82,3.375000,681.408,312.725,681.408,312.725,681.408,312.725,cotracker_sam2_mask_points,center,681.408,323.874,323.874,11.149,11.149,cotracker_bottom,,,stage2_contact_policy,2.493359,,,1.000000,0.000000,0.000000,1.000000,1.000000,1.000000,visible,visible,1.000000,0.000000,0.000000,5.000000,8.000000,,,,,,,2.493359,2.493359,2.493359,2.493359,1.000000,0.000000,,,13.912
83,3.416667,694.048,338.317,694.048,338.317,694.048,338.317,cotracker_sam2_mask_points,center,694.048,351.585,351.585,13.268,13.268,cotracker_bottom,,,stage2_contact_policy,2.493359,,,1.000000,0.000000,0.000000,1.000000,1.000000,1.000000,visible,visible,1.000000,0.000000,0.000000,5.000000,8.000000,,,,,,,2.245397,2.493359,2.493359,2.493359,1.000000,0.000000,,,14.071
84,3.458333,706.620,370.184,706.620,370.184,706.620,370.184,cotracker_sam2_mask_points,center,706.620,382.367,382.367,12.183,12.183,cotracker_bottom,,,stage2_contact_policy,2.493359,,,1.000000,0.000000,0.000000,1.000000,1.000000,1.000000,visible,visible,1.000000,0.000000,0.000000,5.000000,8.000000,,,,,,,1.812046,2.493359,2.493359,2.493359,1.000000,0.000000,,,14.723
85,3.500000,731.215,344.963,731.215,344.963,731.215,344.963,cotracker_sam2_mask_points,center,731.215,356.221,356.221,11.258,11.258,cotracker_bottom,,,stage2_contact_policy,2.493359,,,1.000000,0.000000,0.000000,1.000000,1.000000,1.000000,visible,visible,1.000000,0.000000,0.000000,5.000000,8.000000,,,,,,,2.398276,2.493359,2.493359,2.493359,1.000000,0.000000,,,15.787
86,3.541667,760.604,305.547,760.604,305.547,760.604,305.547,cotracker_sam2_mask_points,center,760.604,317.114,317.114,11.567,11.567,cotracker_bottom,,,stage2_contact_policy,2.674276,,,1.000000,0.000000,0.000000,1.000000,1.000000,1.000000,visible,visible,1.000000,0.000000,0.000000,5.000000,8.000000,,,,,,,2.833872,2.674276,2.674276,2.674276,1.000000,0.000000,,,13.541
87,3.583333,783.586,275.539,783.586,275.539,783.586,275.539,cotracker_sam2_mask_points,center,783.586,286.136,286.136,10.597,10.597,cotracker_bottom,,,stage2_contact_policy,2.674276,,,1.000000,0.000000,0.000000,1.000000,1.000000,1.000000,visible,visible,1.000000,0.000000,0.000000,5.000000,8.000000,,,,,,,2.798840,2.674276,2.674276,2.674276,1.000000,0.000000,,,11.604
88,3.625000,801.563,254.805,801.563,254.805,801.563,254.805,cotracker_sam2_mask_points,center,801.563,264.607,264.607,9.802,9.802,cotracker_bottom,,,stage2_contact_policy,2.674276,,,1.000000,0.000000,0.000000,1.000000,1.000000,1.000000,visible,visible,1.000000,0.000000,0.000000,5.000000,8.000000,,,,,,,2.743569,2.674276,2.674276,2.674276,1.000000,0.000000,,,10.449
89,3.666667,817.827,242.800,817.827,242.800,817.827,242.800,cotracker_sam2_mask_points,center,817.827,251.207,251.207,8.407,8.407,cotracker_bottom,,,stage2_contact_policy,2.678609,,,1.000000,0.000000,0.000000,1.000000,1.000000,1.000000,visible,visible,1.000000,0.000000,0.000000,5.000000,8.000000,,,,,,,2.674276,2.678609,2.678609,2.678609,1.000000,0.000000,,,10.779
90,3.708333,810.566,234.782,810.566,234.782,810.566,234.782,cotracker_sam2_mask_points,center,810.566,241.932,241.932,7.150,7.150,cotracker_bottom,,,stage2_contact_policy,2.674276,,,1.000000,0.000000,0.000000,1.000000,1.000000,1.000000,visible,visible,1.000000,0.000000,0.000000,5.000000,8.000000,,,,,,,2.668424,2.674276,2.674276,2.674276,1.000000,0.000000,,,10.998
91,3.750000,801.324,227.519,801.324,227.519,801.324,227.519,cotracker_sam2_mask_points,center,801.324,236.361,236.361,8.842,8.842,cotracker_bottom,,,stage2_contact_policy,2.674276,,,1.000000,0.000000,0.000000,1.000000,1.000000,1.000000,visible,visible,1.000000,0.000000,0.000000,5.000000,8.000000,,,,,,,2.667268,2.674276,2.674276,2.674276,1.000000,0.000000,,,9.558
92,3.791667,793.510,226.089,793.510,226.089,793.510,226.089,cotracker_sam2_mask_points,center,793.510,236.030,236.030,9.941,9.941,cotracker_bottom,,,stage2_contact_policy,2.674276,,,1.000000,0.000000,0.000000,1.000000,1.000000,1.000000,visible,visible,1.000000,0.000000,0.000000,5.000000,8.000000,,,,,,,2.678609,2.674276,2.674276,2.674276,1.000000,0.000000,,,9.045
93,3.833333,787.538,230.394,787.538,230.394,787.538,230.394,cotracker_sam2_mask_points,center,787.538,239.842,239.842,9.448,9.448,cotracker_bottom,,,stage2_contact_policy,2.678609,,,1.000000,0.000000,0.000000,1.000000,1.000000,1.000000,visible,visible,1.000000,0.000000,0.000000,5.000000,8.000000,,,,,,,2.645002,2.678609,2.678609,2.678609,1.000000,0.000000,,,9.167
94,3.875000,781.832,239.421,781.832,239.421,781.832,239.421,cotracker_sam2_mask_points,center,781.832,248.793,248.793,9.372,9.372,cotracker_bottom,,,stage2_contact_policy,2.681230,,,1.000000,0.000000,0.000000,1.000000,1.000000,1.000000,visible,visible,1.000000,0.000000,0.000000,5.000000,8.000000,,,,,,,2.681230,2.681230,2.681230,2.681230,1.000000,0.000000,,,9.441
95,3.916667,776.158,252.265,776.158,252.265,776.158,252.265,cotracker_sam2_mask_points,center,776.158,262.002,262.002,9.737,9.737,cotracker_bottom,,,stage2_contact_policy,2.693160,,,1.000000,0.000000,0.000000,1.000000,1.000000,1.000000,visible,visible,1.000000,0.000000,0.000000,5.000000,8.000000,,,,,,,2.717648,2.693160,2.693160,2.693160,1.000000,0.000000,,,9.624
96,3.958333,770.716,269.353,770.716,269.353,770.716,269.353,cotracker_sam2_mask_points,center,770.716,280.099,280.099,10.746,10.746,cotracker_bottom,,,stage2_contact_policy,2.717648,,,1.000000,0.000000,0.000000,1.000000,1.000000,1.000000,visible,visible,1.000000,0.000000,0.000000,5.000000,8.000000,,,,,,,2.693160,2.717648,2.717648,2.717648,1.000000,0.000000,,,9.356
97,4.000000,765.676,292.758,765.676,292.758,765.676,292.758,cotracker_sam2_mask_points,center,765.676,301.408,301.408,8.650,8.650,cotracker_bottom,,,stage2_contact_policy,2.747150,,,1.000000,0.000000,0.000000,1.000000,1.000000,1.000000,visible,visible,1.000000,0.000000,0.000000,5.000000,8.000000,,,,,,,2.755980,2.747150,2.747150,2.747150,1.000000,0.000000,,,10.249
98,4.041667,761.440,317.876,761.440,317.876,761.440,317.876,cotracker_sam2_mask_points,center,761.440,327.347,327.347,9.471,9.471,cotracker_bottom,,,stage2_contact_policy,2.755980,,,1.000000,0.000000,0.000000,1.000000,1.000000,1.000000,visible,visible,1.000000,0.000000,0.000000,5.000000,8.000000,,,,,,,2.747150,2.755980,2.755980,2.755980,1.000000,0.000000,,,9.885
99,4.083333,756.726,310.067,756.726,310.067,756.726,310.067,cotracker_sam2_mask_points,center,756.726,319.109,319.109,9.042,9.042,cotracker_bottom,,,stage2_contact_policy,2.756652,,,1.000000,0.000000,0.000000,1.000000,1.000000,1.000000,visible,visible,1.000000,0.000000,0.000000,5.000000,8.000000,,,,,,,2.756652,2.756652,2.756652,2.756652,1.000000,0.000000,,,9.525
100,4.125000,751.773,297.514,751.773,297.514,751.773,297.514,cotracker_sam2_mask_points,center,751.773,307.376,307.376,9.862,9.862,cotracker_bottom,,,stage2_contact_policy,2.803205,,,1.000000,0.000000,0.000000,1.000000,1.000000,1.000000,visible,visible,1.000000,0.000000,0.000000,5.000000,8.000000,,,,,,,2.803226,2.803205,2.803205,2.803205,1.000000,0.000000,,,9.474
101,4.166667,747.654,290.541,747.654,290.541,747.654,290.541,cotracker_sam2_mask_points,center,747.654,299.145,299.145,8.604,8.604,cotracker_bottom,,,stage2_contact_policy,2.803205,,,1.000000,0.000000,0.000000,1.000000,1.000000,1.000000,visible,visible,1.000000,0.000000,0.000000,5.000000,8.000000,,,,,,,2.814513,2.803205,2.803205,2.803205,1.000000,0.000000,,,9.202
102,4.208333,743.104,288.438,743.104,288.438,743.104,288.438,cotracker_sam2_mask_points,center,743.104,297.133,297.133,8.695,8.695,cotracker_bottom,,,stage2_contact_policy,2.803226,,,1.000000,0.000000,0.000000,1.000000,1.000000,1.000000,visible,visible,1.000000,0.000000,0.000000,5.000000,8.000000,,,,,,,2.803205,2.803226,2.803226,2.803226,1.000000,0.000000,,,9.723
103,4.250000,738.748,291.227,738.748,291.227,738.748,291.227,cotracker_sam2_mask_points,center,738.748,300.097,300.097,8.870,8.870,cotracker_bottom,,,stage2_contact_policy,2.813942,,,1.000000,0.000000,0.000000,1.000000,1.000000,1.000000,visible,visible,1.000000,0.000000,0.000000,5.000000,8.000000,,,,,,,2.827152,2.813942,2.813942,2.813942,1.000000,0.000000,,,10.249
104,4.291667,733.986,299.865,733.986,299.865,733.986,299.865,cotracker_sam2_mask_points,center,733.986,309.698,309.698,9.833,9.833,cotracker_bottom,,,stage2_contact_policy,2.813942,,,1.000000,0.000000,0.000000,1.000000,1.000000,1.000000,visible,visible,1.000000,0.000000,0.000000,5.000000,8.000000,,,,,,,2.796913,2.813942,2.813942,2.813942,1.000000,0.000000,,,10.630
105,4.333333,729.518,315.495,729.518,315.495,729.518,315.495,cotracker_sam2_mask_points,center,729.518,326.344,326.344,10.849,10.849,cotracker_bottom,,,stage2_contact_policy,2.813942,,,1.000000,0.000000,0.000000,1.000000,1.000000,1.000000,visible,visible,1.000000,0.000000,0.000000,5.000000,8.000000,,,,,,,2.813942,2.813942,2.813942,2.813942,1.000000,0.000000,,,11.227
106,4.375000,724.478,339.374,724.478,339.374,724.478,339.374,cotracker_sam2_mask_points,center,724.478,351.392,351.392,12.018,12.018,cotracker_bottom,,,stage2_contact_policy,2.827152,,,1.000000,0.000000,0.000000,1.000000,1.000000,1.000000,visible,visible,1.000000,0.000000,0.000000,5.000000,8.000000,,,,,,,2.839537,2.827152,2.827152,2.827152,1.000000,0.000000,,,12.127
107,4.416667,719.311,372.772,719.311,372.772,719.311,372.772,cotracker_sam2_mask_points,center,719.311,386.158,386.158,13.386,13.386,cotracker_bottom,,,stage2_contact_policy,2.839537,,,1.000000,0.000000,0.000000,1.000000,1.000000,1.000000,visible,visible,1.000000,0.000000,0.000000,5.000000,8.000000,,,,,,,2.659324,2.839537,2.839537,2.839537,1.000000,0.000000,,,13.564
108,4.458333,713.789,415.809,713.789,415.809,713.789,415.809,cotracker_sam2_mask_points,center,713.789,430.054,430.054,14.245,14.245,cotracker_bottom,,,stage2_contact_policy,2.896786,,,1.000000,0.000000,0.000000,1.000000,1.000000,1.000000,visible,visible,1.000000,0.000000,0.000000,5.000000,8.000000,,,,,,,2.916723,2.896786,2.896786,2.896786,1.000000,0.000000,,,14.373
109,4.500000,708.247,467.958,708.247,467.958,708.247,467.958,cotracker_sam2_mask_points,center,708.247,483.638,483.638,15.680,15.680,cotracker_bottom,,,stage2_contact_policy,2.900813,,,1.000000,0.000000,0.000000,1.000000,1.000000,1.000000,visible,visible,1.000000,0.000000,0.000000,5.000000,8.000000,,,,,,,2.900813,2.900813,2.900813,2.900813,1.000000,0.000000,,,15.605
110,4.541667,705.364,509.490,705.364,509.490,705.364,509.490,cotracker_sam2_mask_points,center,705.364,521.563,521.563,12.073,12.073,cotracker_bottom,,,stage2_contact_policy,2.900813,,,1.000000,0.000000,0.000000,1.000000,1.000000,1.000000,visible,visible,1.000000,0.000000,0.000000,5.000000,8.000000,,,,,,,2.919258,2.900813,2.900813,2.900813,1.000000,0.000000,,,14.417
111,4.583333,704.464,464.957,704.464,464.957,704.464,464.957,cotracker_sam2_mask_points,center,704.464,477.896,477.896,12.939,12.939,cotracker_bottom,,,stage2_contact_policy,2.900813,,,1.000000,0.000000,0.000000,1.000000,1.000000,1.000000,visible,visible,1.000000,0.000000,0.000000,5.000000,8.000000,,,,,,,2.896786,2.900813,2.900813,2.900813,1.000000,0.000000,,,14.461
112,4.625000,703.993,424.359,703.993,424.359,703.993,424.359,cotracker_sam2_mask_points,center,703.993,436.008,436.008,11.649,11.649,cotracker_bottom,,,stage2_contact_policy,2.896786,,,1.000000,0.000000,0.000000,1.000000,1.000000,1.000000,visible,visible,1.000000,0.000000,0.000000,5.000000,8.000000,,,,,,,2.916744,2.896786,2.896786,2.896786,1.000000,0.000000,,,13.969
113,4.666667,703.044,391.221,703.044,391.221,703.044,391.221,cotracker_sam2_mask_points,center,703.044,403.340,403.340,12.119,12.119,cotracker_bottom,,,stage2_contact_policy,2.805735,,,1.000000,0.000000,0.000000,1.000000,1.000000,1.000000,visible,visible,1.000000,0.000000,0.000000,5.000000,8.000000,,,,,,,2.805735,2.805735,2.805735,2.805735,1.000000,0.000000,,,14.003
114,4.708333,702.417,364.819,702.417,364.819,702.417,364.819,cotracker_sam2_mask_points,center,702.417,375.186,375.186,10.367,10.367,cotracker_bottom,,,stage2_contact_policy,2.668342,,,1.000000,0.000000,0.000000,1.000000,1.000000,1.000000,visible,visible,1.000000,0.000000,0.000000,5.000000,8.000000,,,,,,,2.668342,2.668342,2.668342,2.668342,1.000000,0.000000,,,13.646
115,4.750000,700.878,345.476,700.878,345.476,700.878,345.476,cotracker_sam2_mask_points,center,700.878,355.833,355.833,10.357,10.357,cotracker_bottom,,,stage2_contact_policy,2.668342,,,1.000000,0.000000,0.000000,1.000000,1.000000,1.000000,visible,visible,1.000000,0.000000,0.000000,5.000000,8.000000,,,,,,,2.502838,2.668342,2.668342,2.668342,1.000000,0.000000,,,13.517
116,4.791667,701.520,330.257,701.520,330.257,701.520,330.257,cotracker_sam2_mask_points,center,701.520,339.757,339.757,9.500,9.500,cotracker_bottom,,,stage2_contact_policy,2.502838,,,1.000000,0.000000,0.000000,1.000000,1.000000,1.000000,visible,visible,1.000000,0.000000,0.000000,5.000000,8.000000,,,,,,,1.648635,2.502838,2.502838,2.502838,1.000000,0.000000,,,11.396
117,4.833333,715.281,319.973,715.281,319.973,715.281,319.973,cotracker_sam2_mask_points,center,715.281,329.822,329.822,9.849,9.849,cotracker_bottom,,,stage2_contact_policy,2.502838,,,1.000000,0.000000,0.000000,1.000000,1.000000,1.000000,visible,visible,1.000000,0.000000,0.000000,5.000000,8.000000,,,,,,,2.248295,2.502838,2.502838,2.502838,1.000000,0.000000,,,0.000
118,4.875000,720.293,298.131,720.293,298.131,720.293,298.131,cotracker_sam2_mask_points,center,720.293,310.128,310.128,11.997,11.997,cotracker_bottom,,,stage2_contact_policy,2.502838,,,1.000000,0.000000,0.000000,1.000000,1.000000,1.000000,visible,visible,1.000000,0.000000,0.000000,5.000000,8.000000,,,,,,,2.847956,2.502838,2.502838,2.502838,1.000000,0.000000,,,8.406
119,4.916667,726.245,275.367,726.245,275.367,726.245,275.367,cotracker_sam2_mask_points,center,726.245,285.917,285.917,10.550,10.550,cotracker_bottom,,,stage2_contact_policy,2.666544,,,1.000000,0.000000,0.000000,1.000000,1.000000,1.000000,visible,visible,1.000000,0.000000,0.000000,5.000000,8.000000,,,,,,,2.179604,2.666544,2.666544,2.666544,1.000000,0.000000,,,11.631
120,4.958333,737.847,258.649,737.847,258.649,737.847,258.649,cotracker_sam2_mask_points,center,737.847,268.395,268.395,9.746,9.746,cotracker_bottom,,,stage2_contact_policy,2.735886,,,1.000000,0.000000,0.000000,1.000000,1.000000,1.000000,visible,visible,1.000000,0.000000,0.000000,5.000000,8.000000,,,,,,,2.793640,2.735886,2.735886,2.735886,1.000000,0.000000,,,10.690
121,5.000000,747.721,249.015,747.721,249.015,747.721,249.015,cotracker_sam2_mask_points,center,747.721,257.800,257.800,8.785,8.785,cotracker_bottom,,,stage2_contact_policy,2.735886,,,1.000000,0.000000,0.000000,1.000000,1.000000,1.000000,visible,visible,1.000000,0.000000,0.000000,5.000000,8.000000,,,,,,,2.776521,2.735886,2.735886,2.735886,1.000000,0.000000,,,10.295
122,5.041667,757.528,244.567,757.528,244.567,757.528,244.567,cotracker_sam2_mask_points,center,757.528,253.732,253.732,9.165,9.165,cotracker_bottom,,,stage2_contact_policy,2.713741,,,1.000000,0.000000,0.000000,1.000000,1.000000,1.000000,visible,visible,1.000000,0.000000,0.000000,5.000000,8.000000,,,,,,,2.666544,2.713741,2.713741,2.713741,1.000000,0.000000,,,9.508
123,5.083333,765.663,244.716,765.663,244.716,765.663,244.716,cotracker_sam2_mask_points,center,765.663,253.647,253.647,8.931,8.931,cotracker_bottom,,,stage2_contact_policy,2.716415,,,1.000000,0.000000,0.000000,1.000000,1.000000,1.000000,visible,visible,1.000000,0.000000,0.000000,5.000000,8.000000,,,,,,,2.735886,2.716415,2.716415,2.716415,1.000000,0.000000,,,9.115
124,5.125000,773.679,249.829,773.679,249.829,773.679,249.829,cotracker_sam2_mask_points,center,773.679,258.267,258.267,8.438,8.438,cotracker_bottom,,,stage2_contact_policy,2.716415,,,1.000000,0.000000,0.000000,1.000000,1.000000,1.000000,visible,visible,1.000000,0.000000,0.000000,5.000000,8.000000,,,,,,,2.699969,2.716415,2.716415,2.716415,1.000000,0.000000,,,8.849
125,5.166667,767.218,251.333,767.218,251.333,767.218,251.333,cotracker_sam2_mask_points,center,767.218,258.447,258.447,7.114,7.114,cotracker_bottom,,,stage2_contact_policy,2.716415,,,1.000000,0.000000,0.000000,1.000000,1.000000,1.000000,visible,visible,1.000000,0.000000,0.000000,5.000000,8.000000,,,,,,,2.713741,2.716415,2.716415,2.716415,1.000000,0.000000,,,10.388
126,5.208333,749.454,242.975,749.454,242.975,749.454,242.975,cotracker_sam2_mask_points,center,749.454,251.546,251.546,8.571,8.571,cotracker_bottom,,,stage2_contact_policy,2.731770,,,1.000000,0.000000,0.000000,1.000000,1.000000,1.000000,visible,visible,1.000000,0.000000,0.000000,5.000000,8.000000,,,,,,,2.716415,2.731770,2.731770,2.731770,1.000000,0.000000,,,8.740
127,5.250000,732.479,241.393,732.479,241.393,732.479,241.393,cotracker_sam2_mask_points,center,732.479,250.182,250.182,8.789,8.789,cotracker_bottom,,,stage2_contact_policy,2.731770,,,1.000000,0.000000,0.000000,1.000000,1.000000,1.000000,visible,visible,1.000000,0.000000,0.000000,5.000000,8.000000,,,,,,,2.731770,2.731770,2.731770,2.731770,1.000000,0.000000,,,9.219
128,5.291667,714.709,243.781,714.709,243.781,714.709,243.781,cotracker_sam2_mask_points,center,714.709,253.266,253.266,9.485,9.485,cotracker_bottom,,,stage2_contact_policy,2.783669,,,1.000000,0.000000,0.000000,1.000000,1.000000,1.000000,visible,visible,1.000000,0.000000,0.000000,5.000000,8.000000,,,,,,,2.807295,2.783669,2.783669,2.783669,1.000000,0.000000,,,8.938
129,5.333333,697.667,251.903,697.667,251.903,697.667,251.903,cotracker_sam2_mask_points,center,697.667,260.860,260.860,8.957,8.957,cotracker_bottom,,,stage2_contact_policy,2.807295,,,1.000000,0.000000,0.000000,1.000000,1.000000,1.000000,visible,visible,1.000000,0.000000,0.000000,5.000000,8.000000,,,,,,,2.783669,2.807295,2.807295,2.807295,1.000000,0.000000,,,9.424
130,5.375000,680.734,263.090,680.734,263.090,680.734,263.090,cotracker_sam2_mask_points,center,680.734,272.595,272.595,9.505,9.505,cotracker_bottom,,,stage2_contact_policy,2.862432,,,1.000000,0.000000,0.000000,1.000000,1.000000,1.000000,visible,visible,1.000000,0.000000,0.000000,5.000000,8.000000,,,,,,,2.862432,2.862432,2.862432,2.862432,1.000000,0.000000,,,8.813
131,5.416667,664.267,279.411,664.267,279.411,664.267,279.411,cotracker_sam2_mask_points,center,664.267,288.468,288.468,9.057,9.057,cotracker_bottom,,,stage2_contact_policy,2.886524,,,1.000000,0.000000,0.000000,1.000000,1.000000,1.000000,visible,visible,1.000000,0.000000,0.000000,5.000000,8.000000,,,,,,,2.886524,2.886524,2.886524,2.886524,1.000000,0.000000,,,9.271
132,5.458333,647.401,299.748,647.401,299.748,647.401,299.748,cotracker_sam2_mask_points,center,647.401,309.962,309.962,10.214,10.214,cotracker_bottom,,,stage2_contact_policy,2.958189,,,1.000000,0.000000,0.000000,1.000000,1.000000,1.000000,visible,visible,1.000000,0.000000,0.000000,5.000000,8.000000,,,,,,,2.970284,2.958189,2.958189,2.958189,1.000000,0.000000,,,9.339
133,5.500000,631.512,324.198,631.512,324.198,631.512,324.198,cotracker_sam2_mask_points,center,631.512,333.182,333.182,8.984,8.984,cotracker_bottom,,,stage2_contact_policy,2.970284,,,1.000000,0.000000,0.000000,1.000000,1.000000,1.000000,visible,visible,1.000000,0.000000,0.000000,5.000000,8.000000,,,,,,,2.958189,2.970284,2.970284,2.970284,1.000000,0.000000,,,9.821
134,5.541667,615.672,354.664,615.672,354.664,615.672,354.664,cotracker_sam2_mask_points,center,615.672,364.087,364.087,9.423,9.423,cotracker_bottom,,,stage2_contact_policy,2.970284,,,1.000000,0.000000,0.000000,1.000000,1.000000,1.000000,visible,visible,1.000000,0.000000,0.000000,5.000000,8.000000,,,,,,,3.023577,2.970284,2.970284,2.970284,1.000000,0.000000,,,11.270
135,5.583333,611.348,350.929,611.348,350.929,611.348,350.929,cotracker_sam2_mask_points,center,611.348,361.229,361.229,10.300,10.300,cotracker_bottom,,,stage2_contact_policy,2.970284,,,1.000000,0.000000,0.000000,1.000000,1.000000,1.000000,visible,visible,1.000000,0.000000,0.000000,5.000000,8.000000,,,,,,,3.006144,2.970284,2.970284,2.970284,1.000000,0.000000,,,10.570
136,5.625000,621.470,316.219,621.470,316.219,621.470,316.219,cotracker_sam2_mask_points,center,621.470,325.681,325.681,9.462,9.462,cotracker_bottom,,,stage2_contact_policy,2.958189,,,1.000000,0.000000,0.000000,1.000000,1.000000,1.000000,visible,visible,1.000000,0.000000,0.000000,5.000000,8.000000,,,,,,,2.983017,2.958189,2.958189,2.958189,1.000000,0.000000,,,10.013
137,5.666667,629.767,287.125,629.767,287.125,629.767,287.125,cotracker_sam2_mask_points,center,629.767,296.091,296.091,8.966,8.966,cotracker_bottom,,,stage2_contact_policy,2.912843,,,1.000000,0.000000,0.000000,1.000000,1.000000,1.000000,visible,visible,1.000000,0.000000,0.000000,5.000000,8.000000,,,,,,,2.912843,2.912843,2.912843,2.912843,1.000000,0.000000,,,9.707
138,5.708333,644.915,270.023,644.915,270.023,644.915,270.023,cotracker_sam2_mask_points,center,644.915,273.439,273.439,3.416,3.416,cotracker_bottom,,,stage2_contact_policy,2.893586,,,1.000000,0.000000,0.000000,1.000000,1.000000,1.000000,visible,visible,1.000000,0.000000,0.000000,5.000000,8.000000,,,,,,,2.887042,2.893586,2.893586,2.893586,1.000000,0.000000,,,13.291
139,5.750000,658.245,279.413,658.245,279.413,658.245,279.413,cotracker_sam2_mask_points,center,658.245,252.955,252.955,-26.458,-26.458,cotracker_bottom,,,stage2_contact_policy,2.887212,,,1.000000,0.000000,0.000000,1.000000,1.000000,1.000000,visible,visible,1.000000,0.000000,0.000000,5.000000,8.000000,,,,,,,2.876632,2.887212,2.887212,2.887212,1.000000,0.000000,,,14.340
140,5.791667,666.533,300.277,666.533,300.277,666.533,300.277,cotracker_sam2_mask_points,center,666.533,237.442,237.442,-62.835,-62.835,cotracker_bottom,,,stage2_contact_policy,2.887042,,,1.000000,0.000000,0.000000,1.000000,1.000000,1.000000,visible,visible,1.000000,0.000000,0.000000,5.000000,8.000000,,,,,,,2.864350,2.887042,2.887042,2.887042,1.000000,0.000000,,,12.766
141,5.833333,680.875,358.040,680.875,358.040,680.875,358.040,cotracker_sam2_mask_points,center,680.875,228.864,228.864,-129.176,-129.176,cotracker_bottom,,,stage2_contact_policy,2.887042,,,1.000000,0.000000,0.000000,1.000000,1.000000,1.000000,visible,visible,1.000000,0.000000,0.000000,5.000000,8.000000,,,,,,,2.893586,2.887042,2.887042,2.887042,1.000000,0.000000,,,15.389
142,5.875000,691.276,400.716,691.276,400.716,691.276,400.716,cotracker_sam2_mask_points,center,691.276,225.782,225.782,-174.934,-174.934,cotracker_bottom,,,stage2_contact_policy,2.887212,,,1.000000,0.000000,0.000000,1.000000,1.000000,1.000000,visible,visible,1.000000,0.000000,0.000000,5.000000,8.000000,,,,,,,2.887212,2.887212,2.887212,2.887212,1.000000,0.000000,,,15.858
143,5.916667,676.920,220.336,676.920,220.336,676.920,220.336,cotracker_sam2_mask_points,center,676.920,228.996,228.996,8.660,8.660,cotracker_bottom,,,stage2_contact_policy,2.887212,,,1.000000,0.000000,0.000000,1.000000,1.000000,1.000000,visible,visible,1.000000,0.000000,0.000000,5.000000,8.000000,,,,,,,2.822056,2.887212,2.887212,2.887212,1.000000,0.000000,,,9.788
144,5.958333,700.387,404.510,700.387,404.510,700.387,404.510,cotracker_sam2_mask_points,center,700.387,237.799,237.799,-166.711,-166.711,cotracker_bottom,,,stage2_contact_policy,2.887212,,,1.000000,0.000000,0.000000,1.000000,1.000000,1.000000,visible,visible,1.000000,0.000000,0.000000,5.000000,8.000000,,,,,,,2.891318,2.887212,2.887212,2.887212,1.000000,0.000000,,,16.371
145,6.000000,706.719,395.086,706.719,395.086,706.719,395.086,cotracker_sam2_mask_points,center,706.719,253.154,253.154,-141.932,-141.932,cotracker_bottom,,,stage2_contact_policy,2.879311,,,1.000000,0.000000,0.000000,1.000000,1.000000,1.000000,visible,visible,1.000000,0.000000,0.000000,5.000000,8.000000,,,,,,,2.891864,2.879311,2.879311,2.879311,1.000000,0.000000,,,14.516
146,6.041667,708.724,343.926,708.724,343.926,708.724,343.926,cotracker_sam2_mask_points,center,708.724,275.991,275.991,-67.935,-67.935,cotracker_bottom,,,stage2_contact_policy,2.846080,,,1.000000,0.000000,0.000000,1.000000,1.000000,1.000000,visible,visible,1.000000,0.000000,0.000000,5.000000,8.000000,,,,,,,2.879311,2.846080,2.846080,2.846080,1.000000,0.000000,,,15.848
147,6.083333,714.197,337.999,714.197,337.999,714.197,337.999,cotracker_sam2_mask_points,center,714.197,307.941,307.941,-30.058,-30.058,cotracker_bottom,,,stage2_contact_policy,2.846080,,,1.000000,0.000000,0.000000,1.000000,1.000000,1.000000,visible,visible,1.000000,0.000000,0.000000,5.000000,8.000000,,,,,,,2.846080,2.846080,2.846080,2.846080,1.000000,0.000000,,,16.765
148,6.125000,719.466,342.137,719.466,342.137,719.466,342.137,cotracker_sam2_mask_points,center,719.466,347.862,347.862,5.725,5.725,cotracker_bottom,,,stage2_contact_policy,2.664322,,,1.000000,0.000000,0.000000,1.000000,1.000000,1.000000,visible,visible,1.000000,0.000000,0.000000,5.000000,8.000000,,,,,,,2.233469,2.664322,2.664322,2.664322,1.000000,0.000000,,,16.126
149,6.166667,725.379,338.708,725.379,338.708,725.379,338.708,cotracker_sam2_mask_points,center,725.379,348.895,348.895,10.187,10.187,cotracker_bottom,,,stage2_contact_policy,2.450070,,,1.000000,0.000000,0.000000,1.000000,1.000000,1.000000,visible,visible,1.000000,0.000000,0.000000,5.000000,8.000000,,,,,,,2.664322,2.450070,2.450070,2.450070,1.000000,0.000000,,,12.087
150,6.208333,731.194,336.974,731.194,336.974,731.194,336.974,cotracker_sam2_mask_points,center,731.194,347.732,347.732,10.758,10.758,cotracker_bottom,,,stage2_contact_policy,2.450070,,,1.000000,0.000000,0.000000,1.000000,1.000000,1.000000,visible,visible,1.000000,0.000000,0.000000,5.000000,8.000000,,,,,,,1.627946,2.450070,2.450070,2.450070,1.000000,0.000000,,,10.418
151,6.250000,747.099,307.761,747.099,307.761,747.099,307.761,cotracker_sam2_mask_points,center,747.099,320.361,320.361,12.600,12.600,cotracker_bottom,,,stage2_contact_policy,2.423214,,,1.000000,0.000000,0.000000,1.000000,1.000000,1.000000,visible,visible,1.000000,0.000000,0.000000,5.000000,8.000000,,,,,,,2.450070,2.423214,2.423214,2.423214,1.000000,0.000000,,,11.480
152,6.291667,770.012,278.694,770.012,278.694,770.012,278.694,cotracker_sam2_mask_points,center,770.012,290.107,290.107,11.413,11.413,cotracker_bottom,,,stage2_contact_policy,2.450070,,,1.000000,0.000000,0.000000,1.000000,1.000000,1.000000,visible,visible,1.000000,0.000000,0.000000,5.000000,8.000000,,,,,,,2.085352,2.450070,2.450070,2.450070,1.000000,0.000000,,,13.564
153,6.333333,790.086,251.908,790.086,251.908,790.086,251.908,cotracker_sam2_mask_points,center,790.086,263.937,263.937,12.029,12.029,cotracker_bottom,,,stage2_contact_policy,2.450070,,,1.000000,0.000000,0.000000,1.000000,1.000000,1.000000,visible,visible,1.000000,0.000000,0.000000,5.000000,8.000000,,,,,,,2.779461,2.450070,2.450070,2.450070,1.000000,0.000000,,,12.463
154,6.375000,807.070,233.715,807.070,233.715,807.070,233.715,cotracker_sam2_mask_points,center,807.070,243.732,243.732,10.017,10.017,cotracker_bottom,,,stage2_contact_policy,2.601705,,,1.000000,0.000000,0.000000,1.000000,1.000000,1.000000,visible,visible,1.000000,0.000000,0.000000,5.000000,8.000000,,,,,,,2.423214,2.601705,2.601705,2.601705,1.000000,0.000000,,,11.713
155,6.416667,820.367,220.529,820.367,220.529,820.367,220.529,cotracker_sam2_mask_points,center,820.367,229.924,229.924,9.395,9.395,cotracker_bottom,,,stage2_contact_policy,2.618997,,,1.000000,0.000000,0.000000,1.000000,1.000000,1.000000,visible,visible,1.000000,0.000000,0.000000,5.000000,8.000000,,,,,,,2.697130,2.618997,2.618997,2.618997,1.000000,0.000000,,,10.495
156,6.458333,831.956,212.140,831.956,212.140,831.956,212.140,cotracker_sam2_mask_points,center,831.956,221.623,221.623,9.483,9.483,cotracker_bottom,,,stage2_contact_policy,2.618997,,,1.000000,0.000000,0.000000,1.000000,1.000000,1.000000,visible,visible,1.000000,0.000000,0.000000,5.000000,8.000000,,,,,,,2.666337,2.618997,2.618997,2.618997,1.000000,0.000000,,,9.657
157,6.500000,843.668,208.286,843.668,208.286,843.668,208.286,cotracker_sam2_mask_points,center,843.668,216.848,216.848,8.562,8.562,cotracker_bottom,,,stage2_contact_policy,2.601705,,,1.000000,0.000000,0.000000,1.000000,1.000000,1.000000,visible,visible,1.000000,0.000000,0.000000,5.000000,8.000000,,,,,,,2.601705,2.601705,2.601705,2.601705,1.000000,0.000000,,,9.441
158,6.541667,851.097,206.941,851.097,206.941,851.097,206.941,cotracker_sam2_mask_points,center,851.097,214.405,214.405,7.464,7.464,cotracker_bottom,,,stage2_contact_policy,2.601705,,,1.000000,0.000000,0.000000,1.000000,1.000000,1.000000,visible,visible,1.000000,0.000000,0.000000,5.000000,8.000000,,,,,,,2.618997,2.601705,2.601705,2.601705,1.000000,0.000000,,,10.896
159,6.583333,842.052,196.270,842.052,196.270,842.052,196.270,cotracker_sam2_mask_points,center,842.052,201.831,201.831,5.561,5.561,cotracker_bottom,,,stage2_contact_policy,2.599059,,,1.000000,0.000000,0.000000,1.000000,1.000000,1.000000,visible,visible,1.000000,0.000000,0.000000,5.000000,8.000000,,,,,,,2.589047,2.599059,2.599059,2.599059,1.000000,0.000000,,,11.902
160,6.625000,831.104,184.082,831.104,184.082,831.104,184.082,cotracker_sam2_mask_points,center,831.104,192.708,192.708,8.626,8.626,cotracker_bottom,,,stage2_contact_policy,2.599059,,,1.000000,0.000000,0.000000,1.000000,1.000000,1.000000,visible,visible,1.000000,0.000000,0.000000,5.000000,8.000000,,,,,,,2.599059,2.599059,2.599059,2.599059,1.000000,0.000000,,,9.236
161,6.666667,822.502,180.007,822.502,180.007,822.502,180.007,cotracker_sam2_mask_points,center,822.502,188.503,188.503,8.496,8.496,cotracker_bottom,,,stage2_contact_policy,2.592677,,,1.000000,0.000000,0.000000,1.000000,1.000000,1.000000,visible,visible,1.000000,0.000000,0.000000,5.000000,8.000000,,,,,,,2.592677,2.592677,2.592677,2.592677,1.000000,0.000000,,,9.657
162,6.708333,814.574,179.326,814.574,179.326,814.574,179.326,cotracker_sam2_mask_points,center,814.574,187.236,187.236,7.910,7.910,cotracker_bottom,,,stage2_contact_policy,2.592677,,,1.000000,0.000000,0.000000,1.000000,1.000000,1.000000,visible,visible,1.000000,0.000000,0.000000,5.000000,8.000000,,,,,,,2.578633,2.592677,2.592677,2.592677,1.000000,0.000000,,,9.624
163,6.750000,805.712,182.175,805.712,182.175,805.712,182.175,cotracker_sam2_mask_points,center,805.712,190.503,190.503,8.328,8.328,cotracker_bottom,,,stage2_contact_policy,2.599059,,,1.000000,0.000000,0.000000,1.000000,1.000000,1.000000,visible,visible,1.000000,0.000000,0.000000,5.000000,8.000000,,,,,,,2.611994,2.599059,2.599059,2.599059,1.000000,0.000000,,,9.641
164,6.791667,797.864,189.332,797.864,189.332,797.864,189.332,cotracker_sam2_mask_points,center,797.864,197.801,197.801,8.469,8.469,cotracker_bottom,,,stage2_contact_policy,2.611994,,,1.000000,0.000000,0.000000,1.000000,1.000000,1.000000,visible,visible,1.000000,0.000000,0.000000,5.000000,8.000000,,,,,,,2.585697,2.611994,2.611994,2.611994,1.000000,0.000000,,,9.690
165,6.833333,789.111,199.235,789.111,199.235,789.111,199.235,cotracker_sam2_mask_points,center,789.111,207.922,207.922,8.687,8.687,cotracker_bottom,,,stage2_contact_policy,2.618901,,,1.000000,0.000000,0.000000,1.000000,1.000000,1.000000,visible,visible,1.000000,0.000000,0.000000,5.000000,8.000000,,,,,,,2.618901,2.618901,2.618901,2.618901,1.000000,0.000000,,,9.739
166,6.875000,780.409,214.015,780.409,214.015,780.409,214.015,cotracker_sam2_mask_points,center,780.409,222.741,222.741,8.726,8.726,cotracker_bottom,,,stage2_contact_policy,2.717104,,,1.000000,0.000000,0.000000,1.000000,1.000000,1.000000,visible,visible,1.000000,0.000000,0.000000,5.000000,8.000000,,,,,,,2.717104,2.717104,2.717104,2.717104,1.000000,0.000000,,,10.171
167,6.916667,771.726,231.566,771.726,231.566,771.726,231.566,cotracker_sam2_mask_points,center,771.726,240.851,240.851,9.285,9.285,cotracker_bottom,,,stage2_contact_policy,2.791596,,,1.000000,0.000000,0.000000,1.000000,1.000000,1.000000,visible,visible,1.000000,0.000000,0.000000,5.000000,8.000000,,,,,,,2.791596,2.791596,2.791596,2.791596,1.000000,0.000000,,,10.061
168,6.958333,763.050,253.565,763.050,253.565,763.050,253.565,cotracker_sam2_mask_points,center,763.050,262.307,262.307,8.742,8.742,cotracker_bottom,,,stage2_contact_policy,2.830320,,,1.000000,0.000000,0.000000,1.000000,1.000000,1.000000,visible,visible,1.000000,0.000000,0.000000,5.000000,8.000000,,,,,,,2.830320,2.830320,2.830320,2.830320,1.000000,0.000000,,,10.749
169,7.000000,755.223,278.942,755.223,278.942,755.223,278.942,cotracker_sam2_mask_points,center,755.223,290.778,290.778,11.836,11.836,cotracker_bottom,,,stage2_contact_policy,2.859620,,,1.000000,0.000000,0.000000,1.000000,1.000000,1.000000,visible,visible,1.000000,0.000000,0.000000,5.000000,8.000000,,,,,,,2.859620,2.859620,2.859620,2.859620,1.000000,0.000000,,,10.764
170,7.041667,747.391,309.507,747.391,309.507,747.391,309.507,cotracker_sam2_mask_points,center,747.391,321.731,321.731,12.224,12.224,cotracker_bottom,,,stage2_contact_policy,2.868070,,,1.000000,0.000000,0.000000,1.000000,1.000000,1.000000,visible,visible,1.000000,0.000000,0.000000,5.000000,8.000000,,,,,,,2.868070,2.868070,2.868070,2.868070,1.000000,0.000000,,,11.312
171,7.083333,739.798,344.430,739.798,344.430,739.798,344.430,cotracker_sam2_mask_points,center,739.798,357.242,357.242,12.812,12.812,cotracker_bottom,,,stage2_contact_policy,2.915563,,,1.000000,0.000000,0.000000,1.000000,1.000000,1.000000,visible,visible,1.000000,0.000000,0.000000,5.000000,8.000000,,,,,,,2.915563,2.915563,2.915563,2.915563,1.000000,0.000000,,,11.699
172,7.125000,732.236,385.202,732.236,385.202,732.236,385.202,cotracker_sam2_mask_points,center,732.236,396.500,396.500,11.298,11.298,cotracker_bottom,,,stage2_contact_policy,2.924404,,,1.000000,0.000000,0.000000,1.000000,1.000000,1.000000,visible,visible,1.000000,0.000000,0.000000,5.000000,8.000000,,,,,,,2.924404,2.924404,2.924404,2.924404,1.000000,0.000000,,,12.296
173,7.166667,725.294,430.437,725.294,430.437,725.294,430.437,cotracker_sam2_mask_points,center,725.294,441.514,441.514,11.077,11.077,cotracker_bottom,,,stage2_contact_policy,2.924404,,,1.000000,0.000000,0.000000,1.000000,1.000000,1.000000,visible,visible,1.000000,0.000000,0.000000,5.000000,8.000000,,,,,,,2.935720,2.924404,2.924404,2.924404,1.000000,0.000000,,,12.866
174,7.208333,717.321,484.690,717.321,484.690,717.321,484.690,cotracker_sam2_mask_points,center,717.321,498.453,498.453,13.763,13.763,cotracker_bottom,,,stage2_contact_policy,2.924404,,,1.000000,0.000000,0.000000,1.000000,1.000000,1.000000,visible,visible,1.000000,0.000000,0.000000,5.000000,8.000000,,,,,,,2.943726,2.924404,2.924404,2.924404,1.000000,0.000000,,,13.969
175,7.250000,710.383,540.828,710.383,540.828,710.383,540.828,cotracker_sam2_mask_points,center,710.383,561.865,561.865,21.037,21.037,cotracker_bottom,,,stage2_contact_policy,2.924404,,,1.000000,0.000000,0.000000,1.000000,1.000000,1.000000,visible,visible,1.000000,0.000000,0.000000,5.000000,8.000000,,,,,,,2.946184,2.924404,2.924404,2.924404,1.000000,0.000000,,,12.628
176,7.291667,701.417,608.677,701.417,608.677,701.417,608.677,cotracker_sam2_mask_points,center,701.417,623.998,623.998,15.321,15.321,cotracker_bottom,,,stage2_contact_policy,2.919995,,,1.000000,0.000000,0.000000,1.000000,1.000000,1.000000,visible,visible,1.000000,0.000000,0.000000,5.000000,8.000000,,,,,,,2.583627,2.919995,2.919995,2.919995,1.000000,0.000000,,,15.797
177,7.333333,696.800,660.417,696.800,660.417,696.800,660.417,cotracker_sam2_mask_points,center,696.800,679.785,679.785,19.368,19.368,cotracker_bottom,,,stage2_contact_policy,2.919995,,,1.000000,0.000000,0.000000,1.000000,1.000000,1.000000,visible,visible,1.000000,0.000000,0.000000,5.000000,8.000000,,,,,,,2.179381,2.919995,2.919995,2.919995,1.000000,0.000000,,,16.342
178,7.375000,698.074,607.651,698.074,607.651,698.074,607.651,cotracker_sam2_mask_points,center,698.074,621.398,621.398,13.747,13.747,cotracker_bottom,,,stage2_contact_policy,2.916678,,,1.000000,0.000000,0.000000,1.000000,1.000000,1.000000,visible,visible,1.000000,0.000000,0.000000,5.000000,8.000000,,,,,,,2.604819,2.916678,2.916678,2.916678,1.000000,0.000000,,,15.254
179,7.416667,699.011,561.070,699.011,561.070,699.011,561.070,cotracker_sam2_mask_points,center,699.011,574.260,574.260,13.190,13.190,cotracker_bottom,,,stage2_contact_policy,2.916678,,,1.000000,0.000000,0.000000,1.000000,1.000000,1.000000,visible,visible,1.000000,0.000000,0.000000,5.000000,8.000000,,,,,,,2.919995,2.916678,2.916678,2.916678,1.000000,0.000000,,,13.934
180,7.458333,699.184,516.366,699.184,516.366,699.184,516.366,cotracker_sam2_mask_points,center,699.184,527.993,527.993,11.627,11.627,cotracker_bottom,,,stage2_contact_policy,2.916678,,,1.000000,0.000000,0.000000,1.000000,1.000000,1.000000,visible,visible,1.000000,0.000000,0.000000,5.000000,8.000000,,,,,,,2.958066,2.916678,2.916678,2.916678,1.000000,0.000000,,,14.150
181,7.500000,701.081,479.107,701.081,479.107,701.081,479.107,cotracker_sam2_mask_points,center,701.081,490.863,490.863,11.756,11.756,cotracker_bottom,,,stage2_contact_policy,2.916678,,,1.000000,0.000000,0.000000,1.000000,1.000000,1.000000,visible,visible,1.000000,0.000000,0.000000,5.000000,8.000000,,,,,,,2.916678,2.916678,2.916678,2.916678,1.000000,0.000000,,,13.267
182,7.541667,702.775,447.704,702.775,447.704,702.775,447.704,cotracker_sam2_mask_points,center,702.775,459.482,459.482,11.778,11.778,cotracker_bottom,,,stage2_contact_policy,2.916678,,,1.000000,0.000000,0.000000,1.000000,1.000000,1.000000,visible,visible,1.000000,0.000000,0.000000,5.000000,8.000000,,,,,,,2.921179,2.916678,2.916678,2.916678,1.000000,0.000000,,,13.552
183,7.583333,704.538,423.121,704.538,423.121,704.538,423.121,cotracker_sam2_mask_points,center,704.538,434.086,434.086,10.965,10.965,cotracker_bottom,,,stage2_contact_policy,2.766478,,,1.000000,0.000000,0.000000,1.000000,1.000000,1.000000,visible,visible,1.000000,0.000000,0.000000,5.000000,8.000000,,,,,,,2.766478,2.766478,2.766478,2.766478,1.000000,0.000000,,,13.363
184,7.625000,705.815,405.176,705.815,405.176,705.815,405.176,cotracker_sam2_mask_points,center,705.815,415.849,415.849,10.673,10.673,cotracker_bottom,,,stage2_contact_policy,2.524630,,,1.000000,0.000000,0.000000,1.000000,1.000000,1.000000,visible,visible,1.000000,0.000000,0.000000,5.000000,8.000000,,,,,,,2.516932,2.524630,2.524630,2.524630,1.000000,0.000000,,,12.841
185,7.666667,707.342,396.294,707.342,396.294,707.342,396.294,cotracker_sam2_mask_points,center,707.342,406.805,406.805,10.511,10.511,cotracker_bottom,,,stage2_contact_policy,2.516932,,,1.000000,0.000000,0.000000,1.000000,1.000000,1.000000,visible,visible,1.000000,0.000000,0.000000,5.000000,8.000000,,,,,,,2.524630,2.516932,2.516932,2.516932,1.000000,0.000000,,,12.866
186,7.708333,707.731,396.160,707.731,396.160,707.731,396.160,cotracker_sam2_mask_points,center,707.731,406.790,406.790,10.630,10.630,cotracker_bottom,,,stage2_contact_policy,2.490663,,,1.000000,0.000000,0.000000,1.000000,1.000000,1.000000,visible,visible,1.000000,0.000000,0.000000,5.000000,8.000000,,,,,,,2.490663,2.490663,2.490663,2.490663,1.000000,0.000000,,,13.375
187,7.750000,709.059,405.869,709.059,405.869,709.059,405.869,cotracker_sam2_mask_points,center,709.059,418.155,418.155,12.286,12.286,cotracker_bottom,,,stage2_contact_policy,2.490663,,,1.000000,0.000000,0.000000,1.000000,1.000000,1.000000,visible,visible,1.000000,0.000000,0.000000,5.000000,8.000000,,,,,,,2.439399,2.490663,2.490663,2.490663,1.000000,0.000000,,,13.969
188,7.791667,709.298,426.138,709.298,426.138,709.298,426.138,cotracker_sam2_mask_points,center,709.298,438.848,438.848,12.710,12.710,cotracker_bottom,,,stage2_contact_policy,2.490663,,,1.000000,0.000000,0.000000,1.000000,1.000000,1.000000,visible,visible,1.000000,0.000000,0.000000,5.000000,8.000000,,,,,,,2.379606,2.490663,2.490663,2.490663,1.000000,0.000000,,,15.023
189,7.833333,709.489,458.901,709.489,458.901,709.489,458.901,cotracker_sam2_mask_points,center,709.489,473.589,473.589,14.688,14.688,cotracker_bottom,,,stage2_contact_policy,2.439399,,,1.000000,0.000000,0.000000,1.000000,1.000000,1.000000,visible,visible,1.000000,0.000000,0.000000,5.000000,8.000000,,,,,,,2.419993,2.439399,2.439399,2.439399,1.000000,0.000000,,,15.807
190,7.875000,708.492,506.015,708.492,506.015,708.492,506.015,cotracker_sam2_mask_points,center,708.492,522.185,522.185,16.170,16.170,cotracker_bottom,,,stage2_contact_policy,2.439399,,,1.000000,0.000000,0.000000,1.000000,1.000000,1.000000,visible,visible,1.000000,0.000000,0.000000,5.000000,8.000000,,,,,,,2.913402,2.439399,2.439399,2.439399,1.000000,0.000000,,,17.752
191,7.916667,707.912,566.575,707.912,566.575,707.912,566.575,cotracker_sam2_mask_points,center,707.912,585.683,585.683,19.108,19.108,cotracker_bottom,,,stage2_contact_policy,2.555552,,,1.000000,0.000000,0.000000,1.000000,1.000000,1.000000,visible,visible,1.000000,0.000000,0.000000,5.000000,8.000000,,,,,,,2.823594,2.555552,2.555552,2.555552,1.000000,0.000000,,,18.898
192,7.958333,705.798,633.629,705.798,633.629,705.798,633.629,cotracker_sam2_mask_points,center,705.798,655.222,655.222,21.593,21.593,cotracker_bottom,,,stage2_contact_policy,2.823594,,,1.000000,0.000000,0.000000,1.000000,1.000000,1.000000,visible,visible,1.000000,0.000000,0.000000,5.000000,8.000000,,,,,,,2.423486,2.823594,2.823594,2.823594,1.000000,0.000000,,,20.966
193,8.000000,704.633,616.694,704.633,616.694,704.633,616.694,cotracker_sam2_mask_points,center,704.633,637.547,637.547,20.853,20.853,cotracker_bottom,,,stage2_contact_policy,2.863529,,,1.000000,0.000000,0.000000,1.000000,1.000000,1.000000,visible,visible,1.000000,0.000000,0.000000,5.000000,8.000000,,,,,,,2.555552,2.863529,2.863529,2.863529,1.000000,0.000000,,,19.232
194,8.041667,704.941,558.888,704.941,558.888,704.941,558.888,cotracker_sam2_mask_points,center,704.941,579.821,579.821,20.933,20.933,cotracker_bottom,,,stage2_contact_policy,2.863529,,,1.000000,0.000000,0.000000,1.000000,1.000000,1.000000,visible,visible,1.000000,0.000000,0.000000,5.000000,8.000000,,,,,,,2.960510,2.863529,2.863529,2.863529,1.000000,0.000000,,,18.116
195,8.083333,703.290,505.449,703.290,505.449,703.290,505.449,cotracker_sam2_mask_points,center,703.290,519.584,519.584,14.135,14.135,cotracker_bottom,,,stage2_contact_policy,2.863529,,,1.000000,0.000000,0.000000,1.000000,1.000000,1.000000,visible,visible,1.000000,0.000000,0.000000,5.000000,8.000000,,,,,,,2.953355,2.863529,2.863529,2.863529,1.000000,0.000000,,,17.196
196,8.125000,702.635,460.629,702.635,460.629,702.635,460.629,cotracker_sam2_mask_points,center,702.635,474.590,474.590,13.961,13.961,cotracker_bottom,,,stage2_contact_policy,2.863529,,,1.000000,0.000000,0.000000,1.000000,1.000000,1.000000,visible,visible,1.000000,0.000000,0.000000,5.000000,8.000000,,,,,,,2.863529,2.863529,2.863529,2.863529,1.000000,0.000000,,,16.381
197,8.166667,702.451,423.104,702.451,423.104,702.451,423.104,cotracker_sam2_mask_points,center,702.451,437.336,437.336,14.232,14.232,cotracker_bottom,,,stage2_contact_policy,2.863529,,,1.000000,0.000000,0.000000,1.000000,1.000000,1.000000,visible,visible,1.000000,0.000000,0.000000,5.000000,8.000000,,,,,,,2.952523,2.863529,2.863529,2.863529,1.000000,0.000000,,,15.574
198,8.208333,702.250,393.234,702.250,393.234,702.250,393.234,cotracker_sam2_mask_points,center,702.250,406.937,406.937,13.703,13.703,cotracker_bottom,,,stage2_contact_policy,2.844974,,,1.000000,0.000000,0.000000,1.000000,1.000000,1.000000,visible,visible,1.000000,0.000000,0.000000,5.000000,8.000000,,,,,,,2.676889,2.844974,2.844974,2.844974,1.000000,0.000000,,,14.884
199,8.250000,701.915,371.219,701.915,371.219,701.915,371.219,cotracker_sam2_mask_points,center,701.915,383.303,383.303,12.084,12.084,cotracker_bottom,,,stage2_contact_policy,2.812825,,,1.000000,0.000000,0.000000,1.000000,1.000000,1.000000,visible,visible,1.000000,0.000000,0.000000,5.000000,8.000000,,,,,,,1.636482,2.812825,2.812825,2.812825,1.000000,0.000000,,,12.803
200,8.291667,718.121,338.659,718.121,338.659,718.121,338.659,cotracker_sam2_mask_points,center,718.121,351.179,351.179,12.520,12.520,cotracker_bottom,,,stage2_contact_policy,2.774464,,,1.000000,0.000000,0.000000,1.000000,1.000000,1.000000,visible,visible,1.000000,0.000000,0.000000,5.000000,8.000000,,,,,,,1.821367,2.774464,2.774464,2.774464,1.000000,0.000000,,,12.964
201,8.333333,735.973,301.014,735.973,301.014,735.973,301.014,cotracker_sam2_mask_points,center,735.973,313.837,313.837,12.823,12.823,cotracker_bottom,,,stage2_contact_policy,2.743787,,,1.000000,0.000000,0.000000,1.000000,1.000000,1.000000,visible,visible,1.000000,0.000000,0.000000,5.000000,8.000000,,,,,,,2.844974,2.743787,2.743787,2.743787,1.000000,0.000000,,,13.716
202,8.375000,752.583,270.514,752.583,270.514,752.583,270.514,cotracker_sam2_mask_points,center,752.583,281.037,281.037,10.523,10.523,cotracker_bottom,,,stage2_contact_policy,2.743787,,,1.000000,0.000000,0.000000,1.000000,1.000000,1.000000,visible,visible,1.000000,0.000000,0.000000,5.000000,8.000000,,,,,,,2.812825,2.743787,2.743787,2.743787,1.000000,0.000000,,,12.691
203,8.416667,765.995,248.302,765.995,248.302,765.995,248.302,cotracker_sam2_mask_points,center,765.995,258.348,258.348,10.046,10.046,cotracker_bottom,,,stage2_contact_policy,2.743787,,,1.000000,0.000000,0.000000,1.000000,1.000000,1.000000,visible,visible,1.000000,0.000000,0.000000,5.000000,8.000000,,,,,,,2.774464,2.743787,2.743787,2.743787,1.000000,0.000000,,,11.424
204,8.458333,777.352,235.125,777.352,235.125,777.352,235.125,cotracker_sam2_mask_points,center,777.352,244.583,244.583,9.458,9.458,cotracker_bottom,,,stage2_contact_policy,2.743787,,,1.000000,0.000000,0.000000,1.000000,1.000000,1.000000,visible,visible,1.000000,0.000000,0.000000,5.000000,8.000000,,,,,,,2.743787,2.743787,2.743787,2.743787,1.000000,0.000000,,,10.925
205,8.500000,786.273,227.054,786.273,227.054,786.273,227.054,cotracker_sam2_mask_points,center,786.273,236.679,236.679,9.625,9.625,cotracker_bottom,,,stage2_contact_policy,2.708294,,,1.000000,0.000000,0.000000,1.000000,1.000000,1.000000,visible,visible,1.000000,0.000000,0.000000,5.000000,8.000000,,,,,,,2.708294,2.708294,2.708294,2.708294,1.000000,0.000000,,,10.013
206,8.541667,795.189,225.368,795.189,225.368,795.189,225.368,cotracker_sam2_mask_points,center,795.189,234.832,234.832,9.464,9.464,cotracker_bottom,,,stage2_contact_policy,2.644230,,,1.000000,0.000000,0.000000,1.000000,1.000000,1.000000,visible,visible,1.000000,0.000000,0.000000,5.000000,8.000000,,,,,,,2.644230,2.644230,2.644230,2.644230,1.000000,0.000000,,,9.624
207,8.583333,802.062,228.221,802.062,228.221,802.062,228.221,cotracker_sam2_mask_points,center,802.062,237.673,237.673,9.452,9.452,cotracker_bottom,,,stage2_contact_policy,2.644230,,,1.000000,0.000000,0.000000,1.000000,1.000000,1.000000,visible,visible,1.000000,0.000000,0.000000,5.000000,8.000000,,,,,,,2.615842,2.644230,2.644230,2.644230,1.000000,0.000000,,,9.062
208,8.625000,804.543,234.997,804.543,234.997,804.543,234.997,cotracker_sam2_mask_points,center,804.543,242.018,242.018,7.021,7.021,cotracker_bottom,,,stage2_contact_policy,2.644230,,,1.000000,0.000000,0.000000,1.000000,1.000000,1.000000,visible,visible,1.000000,0.000000,0.000000,5.000000,8.000000,,,,,,,2.632636,2.644230,2.644230,2.644230,1.000000,0.000000,,,10.155
209,8.666667,795.114,227.607,795.114,227.607,795.114,227.607,cotracker_sam2_mask_points,center,795.114,236.698,236.698,9.091,9.091,cotracker_bottom,,,stage2_contact_policy,2.644230,,,1.000000,0.000000,0.000000,1.000000,1.000000,1.000000,visible,visible,1.000000,0.000000,0.000000,5.000000,8.000000,,,,,,,2.631469,2.644230,2.644230,2.644230,1.000000,0.000000,,,9.305
210,8.708333,785.734,226.867,785.734,226.867,785.734,226.867,cotracker_sam2_mask_points,center,785.734,236.034,236.034,9.167,9.167,cotracker_bottom,,,stage2_contact_policy,2.671713,,,1.000000,0.000000,0.000000,1.000000,1.000000,1.000000,visible,visible,1.000000,0.000000,0.000000,5.000000,8.000000,,,,,,,2.671713,2.671713,2.671713,2.671713,1.000000,0.000000,,,9.288
211,8.750000,776.682,232.346,776.682,232.346,776.682,232.346,cotracker_sam2_mask_points,center,776.682,241.094,241.094,8.748,8.748,cotracker_bottom,,,stage2_contact_policy,2.723081,,,1.000000,0.000000,0.000000,1.000000,1.000000,1.000000,visible,visible,1.000000,0.000000,0.000000,5.000000,8.000000,,,,,,,2.746679,2.723081,2.723081,2.723081,1.000000,0.000000,,,9.491
212,8.791667,767.589,243.122,767.589,243.122,767.589,243.122,cotracker_sam2_mask_points,center,767.589,252.560,252.560,9.438,9.438,cotracker_bottom,,,stage2_contact_policy,2.746679,,,1.000000,0.000000,0.000000,1.000000,1.000000,1.000000,visible,visible,1.000000,0.000000,0.000000,5.000000,8.000000,,,,,,,2.723081,2.746679,2.746679,2.746679,1.000000,0.000000,,,9.558
213,8.833333,758.098,259.878,758.098,259.878,758.098,259.878,cotracker_sam2_mask_points,center,758.098,269.325,269.325,9.447,9.447,cotracker_bottom,,,stage2_contact_policy,2.785045,,,1.000000,0.000000,0.000000,1.000000,1.000000,1.000000,visible,visible,1.000000,0.000000,0.000000,5.000000,8.000000,,,,,,,2.785045,2.785045,2.785045,2.785045,1.000000,0.000000,,,10.218
214,8.875000,749.473,282.518,749.473,282.518,749.473,282.518,cotracker_sam2_mask_points,center,749.473,293.648,293.648,11.130,11.130,cotracker_bottom,,,stage2_contact_policy,2.807349,,,1.000000,0.000000,0.000000,1.000000,1.000000,1.000000,visible,visible,1.000000,0.000000,0.000000,5.000000,8.000000,,,,,,,2.807349,2.807349,2.807349,2.807349,1.000000,0.000000,,,10.372
215,8.916667,740.293,312.448,740.293,312.448,740.293,312.448,cotracker_sam2_mask_points,center,740.293,323.719,323.719,11.271,11.271,cotracker_bottom,,,stage2_contact_policy,2.834158,,,1.000000,0.000000,0.000000,1.000000,1.000000,1.000000,visible,visible,1.000000,0.000000,0.000000,5.000000,8.000000,,,,,,,2.834158,2.834158,2.834158,2.834158,1.000000,0.000000,,,11.085
216,8.958333,731.521,349.028,731.521,349.028,731.521,349.028,cotracker_sam2_mask_points,center,731.521,360.034,360.034,11.006,11.006,cotracker_bottom,,,stage2_contact_policy,2.857716,,,1.000000,0.000000,0.000000,1.000000,1.000000,1.000000,visible,visible,1.000000,0.000000,0.000000,5.000000,8.000000,,,,,,,2.857716,2.857716,2.857716,2.857716,1.000000,0.000000,,,11.754
217,9.000000,723.665,392.481,723.665,392.481,723.665,392.481,cotracker_sam2_mask_points,center,723.665,405.587,405.587,13.106,13.106,cotracker_bottom,,,stage2_contact_policy,2.950016,,,1.000000,0.000000,0.000000,1.000000,1.000000,1.000000,visible,visible,1.000000,0.000000,0.000000,5.000000,8.000000,,,,,,,2.950016,2.950016,2.950016,2.950016,1.000000,0.000000,,,12.628
218,9.041667,714.874,444.235,714.874,444.235,714.874,444.235,cotracker_sam2_mask_points,center,714.874,456.387,456.387,12.152,12.152,cotracker_bottom,,,stage2_contact_policy,2.963444,,,1.000000,0.000000,0.000000,1.000000,1.000000,1.000000,visible,visible,1.000000,0.000000,0.000000,5.000000,8.000000,,,,,,,3.000433,2.963444,2.963444,2.963444,1.000000,0.000000,,,13.658
219,9.083333,706.760,501.828,706.760,501.828,706.760,501.828,cotracker_sam2_mask_points,center,706.760,518.954,518.954,17.126,17.126,cotracker_bottom,,,stage2_contact_policy,2.963444,,,1.000000,0.000000,0.000000,1.000000,1.000000,1.000000,visible,visible,1.000000,0.000000,0.000000,5.000000,8.000000,,,,,,,2.996991,2.963444,2.963444,2.963444,1.000000,0.000000,,,14.195
220,9.125000,697.611,559.224,697.611,559.224,697.611,559.224,cotracker_sam2_mask_points,center,697.611,571.395,571.395,12.171,12.171,cotracker_bottom,,,stage2_contact_policy,2.963444,,,1.000000,0.000000,0.000000,1.000000,1.000000,1.000000,visible,visible,1.000000,0.000000,0.000000,5.000000,8.000000,,,,,,,2.963444,2.963444,2.963444,2.963444,1.000000,0.000000,,,12.890
221,9.166667,695.216,531.163,695.216,531.163,695.216,531.163,cotracker_sam2_mask_points,center,695.216,542.676,542.676,11.513,11.513,cotracker_bottom,,,stage2_contact_policy,2.963444,,,1.000000,0.000000,0.000000,1.000000,1.000000,1.000000,visible,visible,1.000000,0.000000,0.000000,5.000000,8.000000,,,,,,,2.967152,2.963444,2.963444,2.963444,1.000000,0.000000,,,12.741
222,9.208333,695.810,497.216,695.810,497.216,695.810,497.216,cotracker_sam2_mask_points,center,695.810,507.781,507.781,10.565,10.565,cotracker_bottom,,,stage2_contact_policy,2.949523,,,1.000000,0.000000,0.000000,1.000000,1.000000,1.000000,visible,visible,1.000000,0.000000,0.000000,5.000000,8.000000,,,,,,,2.937574,2.949523,2.949523,2.949523,1.000000,0.000000,,,12.565
223,9.250000,696.613,468.548,696.613,468.548,696.613,468.548,cotracker_sam2_mask_points,center,696.613,478.541,478.541,9.993,9.993,cotracker_bottom,,,stage2_contact_policy,2.937574,,,1.000000,0.000000,0.000000,1.000000,1.000000,1.000000,visible,visible,1.000000,0.000000,0.000000,5.000000,8.000000,,,,,,,2.949523,2.937574,2.937574,2.937574,1.000000,0.000000,,,12.309
224,9.291667,697.204,448.124,697.204,448.124,697.204,448.124,cotracker_sam2_mask_points,center,697.204,459.153,459.153,11.029,11.029,cotracker_bottom,,,stage2_contact_policy,2.937574,,,1.000000,0.000000,0.000000,1.000000,1.000000,1.000000,visible,visible,1.000000,0.000000,0.000000,5.000000,8.000000,,,,,,,2.473718,2.937574,2.937574,2.937574,1.000000,0.000000,,,13.387
225,9.333333,693.366,465.806,693.366,465.806,693.366,465.806,cotracker_sam2_mask_points,center,693.366,449.910,449.910,-15.896,-15.896,cotracker_bottom,,,stage2_contact_policy,2.937574,,,1.000000,0.000000,0.000000,1.000000,1.000000,1.000000,visible,visible,1.000000,0.000000,0.000000,5.000000,8.000000,,,,,,,2.890999,2.937574,2.937574,2.937574,1.000000,0.000000,,,20.272
226,9.375000,691.205,562.099,691.205,562.099,691.205,562.099,cotracker_sam2_mask_points,center,691.205,451.319,451.319,-110.780,-110.780,cotracker_bottom,,,stage2_contact_policy,2.949523,,,1.000000,0.000000,0.000000,1.000000,1.000000,1.000000,visible,visible,1.000000,0.000000,0.000000,5.000000,8.000000,,,,,,,2.754886,2.949523,2.949523,2.949523,1.000000,0.000000,,,23.736
227,9.416667,685.136,449.239,685.136,449.239,685.136,449.239,cotracker_sam2_mask_points,center,685.136,460.298,460.298,11.059,11.059,cotracker_bottom,,,stage2_contact_policy,2.890999,,,1.000000,0.000000,0.000000,1.000000,1.000000,1.000000,visible,visible,1.000000,0.000000,0.000000,5.000000,8.000000,,,,,,,2.956828,2.890999,2.890999,2.890999,1.000000,0.000000,,,9.918
228,9.458333,682.970,540.993,682.970,540.993,682.970,540.993,cotracker_sam2_mask_points,center,682.970,477.905,477.905,-63.088,-63.088,cotracker_bottom,,,stage2_contact_policy,2.890999,,,1.000000,0.000000,0.000000,1.000000,1.000000,1.000000,visible,visible,1.000000,0.000000,0.000000,5.000000,8.000000,,,,,,,2.967683,2.890999,2.890999,2.890999,1.000000,0.000000,,,22.454
229,9.500000,680.724,492.333,680.724,492.333,680.724,492.333,cotracker_sam2_mask_points,center,680.724,505.059,505.059,12.726,12.726,cotracker_bottom,,,stage2_contact_policy,2.754886,,,1.000000,0.000000,0.000000,1.000000,1.000000,1.000000,visible,visible,1.000000,0.000000,0.000000,5.000000,8.000000,,,,,,,2.968554,2.754886,2.754886,2.754886,1.000000,0.000000,,,17.859
230,9.541667,679.009,445.608,679.009,445.608,679.009,445.608,cotracker_sam2_mask_points,center,679.009,457.649,457.649,12.041,12.041,cotracker_bottom,,,stage2_contact_policy,2.541440,,,1.000000,0.000000,0.000000,1.000000,1.000000,1.000000,visible,visible,1.000000,0.000000,0.000000,5.000000,8.000000,,,,,,,2.541440,2.541440,2.541440,2.541440,1.000000,0.000000,,,14.831
231,9.583333,677.232,412.982,677.232,412.982,677.232,412.982,cotracker_sam2_mask_points,center,677.232,424.655,424.655,11.673,11.673,cotracker_bottom,,,stage2_contact_policy,2.219998,,,1.000000,0.000000,0.000000,1.000000,1.000000,1.000000,visible,visible,1.000000,0.000000,0.000000,5.000000,8.000000,,,,,,,2.219998,2.219998,2.219998,2.219998,1.000000,0.000000,,,13.866
232,9.625000,675.167,390.557,675.167,390.557,675.167,390.557,cotracker_sam2_mask_points,center,675.167,400.314,400.314,9.757,9.757,cotracker_bottom,,,stage2_contact_policy,2.219998,,,1.000000,0.000000,0.000000,1.000000,1.000000,1.000000,visible,visible,1.000000,0.000000,0.000000,5.000000,8.000000,,,,,,,1.979262,2.219998,2.219998,2.219998,1.000000,0.000000,,,14.417
233,9.666667,683.442,361.024,683.442,361.024,683.442,361.024,cotracker_sam2_mask_points,center,683.442,373.809,373.809,12.785,12.785,cotracker_bottom,,,stage2_contact_policy,2.219998,,,1.000000,0.000000,0.000000,1.000000,1.000000,1.000000,visible,visible,1.000000,0.000000,0.000000,5.000000,8.000000,,,,,,,2.213472,2.219998,2.219998,2.219998,1.000000,0.000000,,,11.027
234,9.708333,708.385,327.231,708.385,327.231,708.385,327.231,cotracker_sam2_mask_points,center,708.385,338.284,338.284,11.053,11.053,cotracker_bottom,,,stage2_contact_policy,2.219998,,,1.000000,0.000000,0.000000,1.000000,1.000000,1.000000,visible,visible,1.000000,0.000000,0.000000,5.000000,8.000000,,,,,,,1.836083,2.219998,2.219998,2.219998,1.000000,0.000000,,,14.884
235,9.750000,736.140,293.764,736.140,293.764,736.140,293.764,cotracker_sam2_mask_points,center,736.140,304.973,304.973,11.209,11.209,cotracker_bottom,,,stage2_contact_policy,2.683284,,,1.000000,0.000000,0.000000,1.000000,1.000000,1.000000,visible,visible,1.000000,0.000000,0.000000,5.000000,8.000000,,,,,,,2.833045,2.683284,2.683284,2.683284,1.000000,0.000000,,,12.816
236,9.791667,757.964,270.691,757.964,270.691,757.964,270.691,cotracker_sam2_mask_points,center,757.964,281.594,281.594,10.903,10.903,cotracker_bottom,,,stage2_contact_policy,2.683284,,,1.000000,0.000000,0.000000,1.000000,1.000000,1.000000,visible,visible,1.000000,0.000000,0.000000,5.000000,8.000000,,,,,,,2.807632,2.683284,2.683284,2.683284,1.000000,0.000000,,,11.535
237,9.833333,777.239,255.172,777.239,255.172,777.239,255.172,cotracker_sam2_mask_points,center,777.239,264.068,264.068,8.896,8.896,cotracker_bottom,,,stage2_contact_policy,2.693456,,,1.000000,0.000000,0.000000,1.000000,1.000000,1.000000,visible,visible,1.000000,0.000000,0.000000,5.000000,8.000000,,,,,,,2.755300,2.693456,2.693456,2.693456,1.000000,0.000000,,,10.630
238,9.875000,795.135,247.778,795.135,247.778,795.135,247.778,cotracker_sam2_mask_points,center,795.135,257.437,257.437,9.659,9.659,cotracker_bottom,,,stage2_contact_policy,2.724378,,,1.000000,0.000000,0.000000,1.000000,1.000000,1.000000,visible,visible,1.000000,0.000000,0.000000,5.000000,8.000000,,,,,,,2.683284,2.724378,2.724378,2.724378,1.000000,0.000000,,,9.202
239,9.916667,800.223,247.244,800.223,247.244,800.223,247.244,cotracker_sam2_mask_points,center,800.223,252.796,252.796,5.552,5.552,cotracker_bottom,,,stage2_contact_policy,2.693456,,,1.000000,0.000000,0.000000,1.000000,1.000000,1.000000,visible,visible,1.000000,0.000000,0.000000,5.000000,8.000000,,,,,,,2.677527,2.693456,2.693456,2.693456,1.000000,0.000000,,,12.296
240,9.958333,788.884,233.204,788.884,233.204,788.884,233.204,cotracker_sam2_mask_points,center,788.884,243.268,243.268,10.064,10.064,cotracker_bottom,,,stage2_contact_policy,2.688370,,,1.000000,0.000000,0.000000,1.000000,1.000000,1.000000,visible,visible,1.000000,0.000000,0.000000,5.000000,8.000000,,,,,,,2.693456,2.688370,2.688370,2.688370,1.000000,0.000000,,,9.508
