frame,time,tx,ty,tz,qw,qx,qy,qz,radius_m,source,generic_solve_attempt_id
1,0.0,-0.174678555,-0.938696599,4.656037639,1.0,0.0,0.0,0.0,0.105,generic_sequence_executor,generic-solve-4291855b4c05
2,0.041667,-0.173705606,-0.936081468,4.647496387,1.0,0.0,0.0,0.0,0.105,generic_sequence_executor,generic-solve-4291855b4c05
3,0.083333,-0.171409528,-0.930320253,4.630762525,1.0,0.0,0.0,0.0,0.105,generic_sequence_executor,generic-solve-4291855b4c05
4,0.125,-0.172783136,-0.966308894,4.613826750,1.0,0.0,0.0,0.0,0.105,generic_sequence_executor,generic-solve-4291855b4c05
5,0.166667,-0.174260375,-0.951617072,4.598947328,1.0,0.0,0.0,0.0,0.105,generic_sequence_executor,generic-solve-4291855b4c05
6,0.208333,-0.174238509,-0.925175671,4.586398168,1.0,0.0,0.0,0.0,0.105,generic_sequence_executor,generic-solve-4291855b4c05
7,0.25,-0.175752556,-0.887840659,4.577689810,1.0,0.0,0.0,0.0,0.105,generic_sequence_executor,generic-solve-4291855b4c05
8,0.291667,-0.176165962,-0.838584698,4.574966428,1.0,0.0,0.0,0.0,0.105,generic_sequence_executor,generic-solve-4291855b4c05
9,0.333333,-0.176437745,-0.786997229,4.580730085,1.0,0.0,0.0,0.0,0.105,generic_sequence_executor,generic-solve-4291855b4c05
10,0.375,-0.170674336,-0.736244619,4.598002401,1.0,0.0,0.0,0.0,0.105,generic_sequence_executor,generic-solve-4291855b4c05
11,0.416667,-0.195567130,-0.751953446,4.628822056,1.0,0.0,0.0,0.0,0.105,generic_sequence_executor,generic-solve-4291855b4c05
12,0.458333,-0.234889876,-0.814503528,4.614246622,1.0,0.0,0.0,0.0,0.105,generic_sequence_executor,generic-solve-4291855b4c05
13,0.5,-0.275216981,-0.884078277,4.617415901,1.0,0.0,0.0,0.0,0.105,generic_sequence_executor,generic-solve-4291855b4c05
14,0.541667,-0.296510286,-0.955845420,4.631124871,1.0,0.0,0.0,0.0,0.105,generic_sequence_executor,generic-solve-4291855b4c05
15,0.583333,-0.288293253,-0.999940692,4.625662852,1.0,0.0,0.0,0.0,0.105,generic_sequence_executor,generic-solve-4291855b4c05
16,0.625,-0.282198332,-1.098816396,4.621752259,1.0,0.0,0.0,0.0,0.105,generic_sequence_executor,generic-solve-4291855b4c05
17,0.666667,-0.274722687,-1.125482637,4.620797677,1.0,0.0,0.0,0.0,0.105,generic_sequence_executor,generic-solve-4291855b4c05
18,0.708333,-0.269335465,-1.187236043,4.619625693,1.0,0.0,0.0,0.0,0.105,generic_sequence_executor,generic-solve-4291855b4c05
19,0.75,-0.263638989,-1.217054518,4.619198219,1.0,0.0,0.0,0.0,0.105,generic_sequence_executor,generic-solve-4291855b4c05
20,0.791667,-0.257834192,-1.237389295,4.618720096,1.0,0.0,0.0,0.0,0.105,generic_sequence_executor,generic-solve-4291855b4c05
21,0.833333,-0.251919394,-1.248433581,4.618159628,1.0,0.0,0.0,0.0,0.105,generic_sequence_executor,generic-solve-4291855b4c05
22,0.875,-0.245906197,-1.250204544,4.617673624,1.0,0.0,0.0,0.0,0.105,generic_sequence_executor,generic-solve-4291855b4c05
23,0.916667,-0.239802928,-1.242781462,4.617546879,1.0,0.0,0.0,0.0,0.105,generic_sequence_executor,generic-solve-4291855b4c05
24,0.958333,-0.233635615,-1.226261603,4.618136801,1.0,0.0,0.0,0.0,0.105,generic_sequence_executor,generic-solve-4291855b4c05
25,1.0,-0.227414378,-1.200736061,4.619810535,1.0,0.0,0.0,0.0,0.105,generic_sequence_executor,generic-solve-4291855b4c05
26,1.041667,-0.221127460,-1.166146755,4.622870430,1.0,0.0,0.0,0.0,0.105,generic_sequence_executor,generic-solve-4291855b4c05
27,1.083333,-0.209941992,-1.111830285,4.627711099,1.0,0.0,0.0,0.0,0.105,generic_sequence_executor,generic-solve-4291855b4c05
28,1.125,-0.205148043,-1.081790838,4.633155492,1.0,0.0,0.0,0.0,0.105,generic_sequence_executor,generic-solve-4291855b4c05
29,1.166667,-0.200822833,-1.031733837,4.639506936,1.0,0.0,0.0,0.0,0.105,generic_sequence_executor,generic-solve-4291855b4c05
30,1.208333,-0.197083807,-0.939804369,4.645952035,1.0,0.0,0.0,0.0,0.105,generic_sequence_executor,generic-solve-4291855b4c05
31,1.25,-0.193091367,-0.833110311,4.649887245,1.0,0.0,0.0,0.0,0.105,generic_sequence_executor,generic-solve-4291855b4c05
32,1.291667,-0.187921134,-0.721280781,4.648000616,1.0,0.0,0.0,0.0,0.105,generic_sequence_executor,generic-solve-4291855b4c05
33,1.333333,-0.169912258,-0.649412080,4.635267254,1.0,0.0,0.0,0.0,0.105,generic_sequence_executor,generic-solve-4291855b4c05
34,1.375,-0.180246677,-0.702223710,4.604775146,1.0,0.0,0.0,0.0,0.105,generic_sequence_executor,generic-solve-4291855b4c05
35,1.416667,-0.198296869,-0.780580601,4.572681977,1.0,0.0,0.0,0.0,0.105,generic_sequence_executor,generic-solve-4291855b4c05
36,1.458333,-0.213041641,-0.880839545,4.552605099,1.0,0.0,0.0,0.0,0.105,generic_sequence_executor,generic-solve-4291855b4c05
37,1.5,-0.225397443,-0.974868534,4.541337141,1.0,0.0,0.0,0.0,0.105,generic_sequence_executor,generic-solve-4291855b4c05
38,1.541667,-0.234992116,-1.033837454,4.536208130,1.0,0.0,0.0,0.0,0.105,generic_sequence_executor,generic-solve-4291855b4c05
39,1.583333,-0.238374413,-1.064924092,4.534525140,1.0,0.0,0.0,0.0,0.105,generic_sequence_executor,generic-solve-4291855b4c05
40,1.625,-0.239718434,-1.083684700,4.534062148,1.0,0.0,0.0,0.0,0.105,generic_sequence_executor,generic-solve-4291855b4c05
41,1.666667,-0.245264250,-1.094694496,4.533398623,1.0,0.0,0.0,0.0,0.105,generic_sequence_executor,generic-solve-4291855b4c05
42,1.708333,-0.244907258,-1.098076315,4.531756498,1.0,0.0,0.0,0.0,0.105,generic_sequence_executor,generic-solve-4291855b4c05
43,1.75,-0.245820786,-1.095151018,4.528691913,1.0,0.0,0.0,0.0,0.105,generic_sequence_executor,generic-solve-4291855b4c05
44,1.791667,-0.246739079,-1.085829455,4.524193705,1.0,0.0,0.0,0.0,0.105,generic_sequence_executor,generic-solve-4291855b4c05
45,1.833333,-0.246636584,-1.067681804,4.518671007,1.0,0.0,0.0,0.0,0.105,generic_sequence_executor,generic-solve-4291855b4c05
46,1.875,-0.250170386,-1.040537506,4.512868956,1.0,0.0,0.0,0.0,0.105,generic_sequence_executor,generic-solve-4291855b4c05
47,1.916667,-0.254562338,-0.996867159,4.508167922,1.0,0.0,0.0,0.0,0.105,generic_sequence_executor,generic-solve-4291855b4c05
48,1.958333,-0.257526854,-0.911962425,4.506804709,1.0,0.0,0.0,0.0,0.105,generic_sequence_executor,generic-solve-4291855b4c05
49,2.0,-0.251937123,-0.762462641,4.511536063,1.0,0.0,0.0,0.0,0.105,generic_sequence_executor,generic-solve-4291855b4c05
50,2.041667,-0.249917072,-0.740845026,4.521689624,1.0,0.0,0.0,0.0,0.105,generic_sequence_executor,generic-solve-4291855b4c05
51,2.083333,-0.251441710,-0.769750876,4.530745408,1.0,0.0,0.0,0.0,0.105,generic_sequence_executor,generic-solve-4291855b4c05
52,2.125,-0.256508684,-0.886869778,4.537358855,1.0,0.0,0.0,0.0,0.105,generic_sequence_executor,generic-solve-4291855b4c05
53,2.166667,-0.250452575,-0.947769842,4.543700796,1.0,0.0,0.0,0.0,0.105,generic_sequence_executor,generic-solve-4291855b4c05
54,2.208333,-0.243127853,-0.996827057,4.548813788,1.0,0.0,0.0,0.0,0.105,generic_sequence_executor,generic-solve-4291855b4c05
55,2.25,-0.238455170,-1.025789904,4.552881957,1.0,0.0,0.0,0.0,0.105,generic_sequence_executor,generic-solve-4291855b4c05
56,2.291667,-0.232851600,-1.037751386,4.555978946,1.0,0.0,0.0,0.0,0.105,generic_sequence_executor,generic-solve-4291855b4c05
57,2.333333,-0.226680537,-1.042112362,4.558077411,1.0,0.0,0.0,0.0,0.105,generic_sequence_executor,generic-solve-4291855b4c05
58,2.375,-0.220752939,-1.038201267,4.559356685,1.0,0.0,0.0,0.0,0.105,generic_sequence_executor,generic-solve-4291855b4c05
59,2.416667,-0.215170779,-1.026261892,4.559965645,1.0,0.0,0.0,0.0,0.105,generic_sequence_executor,generic-solve-4291855b4c05
60,2.458333,-0.207822475,-1.001658877,4.560148941,1.0,0.0,0.0,0.0,0.105,generic_sequence_executor,generic-solve-4291855b4c05
61,2.5,-0.205209890,-0.954353936,4.560250643,1.0,0.0,0.0,0.0,0.105,generic_sequence_executor,generic-solve-4291855b4c05
62,2.541667,-0.200370262,-0.896339405,4.560290297,1.0,0.0,0.0,0.0,0.105,generic_sequence_executor,generic-solve-4291855b4c05
63,2.583333,-0.196498742,-0.824122628,4.560697482,1.0,0.0,0.0,0.0,0.105,generic_sequence_executor,generic-solve-4291855b4c05
64,2.625,-0.191603410,-0.746434117,4.561905488,1.0,0.0,0.0,0.0,0.105,generic_sequence_executor,generic-solve-4291855b4c05
65,2.666667,-0.182158332,-0.681520644,4.564453041,1.0,0.0,0.0,0.0,0.105,generic_sequence_executor,generic-solve-4291855b4c05
66,2.708333,-0.193583334,-0.694462596,4.568378837,1.0,0.0,0.0,0.0,0.105,generic_sequence_executor,generic-solve-4291855b4c05
67,2.75,-0.209637202,-0.750898782,4.567141454,1.0,0.0,0.0,0.0,0.105,generic_sequence_executor,generic-solve-4291855b4c05
68,2.791667,-0.229250268,-0.836057986,4.566970016,1.0,0.0,0.0,0.0,0.105,generic_sequence_executor,generic-solve-4291855b4c05
69,2.833333,-0.243737584,-0.930817847,4.567569141,1.0,0.0,0.0,0.0,0.105,generic_sequence_executor,generic-solve-4291855b4c05
70,2.875,-0.242597043,-1.022209706,4.568714313,1.0,0.0,0.0,0.0,0.105,generic_sequence_executor,generic-solve-4291855b4c05
71,2.916667,-0.234766277,-1.070089239,4.570773285,1.0,0.0,0.0,0.0,0.105,generic_sequence_executor,generic-solve-4291855b4c05
72,2.958333,-0.226128955,-1.101332197,4.572936336,1.0,0.0,0.0,0.0,0.105,generic_sequence_executor,generic-solve-4291855b4c05
73,3.0,-0.229228472,-1.147043598,4.574398725,1.0,0.0,0.0,0.0,0.105,generic_sequence_executor,generic-solve-4291855b4c05
74,3.041667,-0.226809014,-1.184419555,4.575669691,1.0,0.0,0.0,0.0,0.105,generic_sequence_executor,generic-solve-4291855b4c05
75,3.083333,-0.224164931,-1.215324587,4.576678637,1.0,0.0,0.0,0.0,0.105,generic_sequence_executor,generic-solve-4291855b4c05
76,3.125,-0.221328424,-1.239797629,4.577439624,1.0,0.0,0.0,0.0,0.105,generic_sequence_executor,generic-solve-4291855b4c05
77,3.166667,-0.218296715,-1.257834684,4.577983259,1.0,0.0,0.0,0.0,0.105,generic_sequence_executor,generic-solve-4291855b4c05
78,3.208333,-0.215072021,-1.269439061,4.578350188,1.0,0.0,0.0,0.0,0.105,generic_sequence_executor,generic-solve-4291855b4c05
79,3.25,-0.211653947,-1.274628142,4.578591116,1.0,0.0,0.0,0.0,0.105,generic_sequence_executor,generic-solve-4291855b4c05
80,3.291667,-0.208051827,-1.273412149,4.578769930,1.0,0.0,0.0,0.0,0.105,generic_sequence_executor,generic-solve-4291855b4c05
81,3.333333,-0.204266199,-1.265818093,4.578964747,1.0,0.0,0.0,0.0,0.105,generic_sequence_executor,generic-solve-4291855b4c05
82,3.375,-0.200301132,-1.251864930,4.579270763,1.0,0.0,0.0,0.0,0.105,generic_sequence_executor,generic-solve-4291855b4c05
83,3.416667,-0.196158064,-1.231584333,4.579801189,1.0,0.0,0.0,0.0,0.105,generic_sequence_executor,generic-solve-4291855b4c05
84,3.458333,-0.191846802,-1.205039177,4.580685606,1.0,0.0,0.0,0.0,0.105,generic_sequence_executor,generic-solve-4291855b4c05
85,3.5,-0.187375409,-1.172020096,4.582071437,1.0,0.0,0.0,0.0,0.105,generic_sequence_executor,generic-solve-4291855b4c05
86,3.541667,-0.184031509,-1.104857865,4.584743889,1.0,0.0,0.0,0.0,0.105,generic_sequence_executor,generic-solve-4291855b4c05
87,3.583333,-0.176525461,-1.079528069,4.587122358,1.0,0.0,0.0,0.0,0.105,generic_sequence_executor,generic-solve-4291855b4c05
88,3.625,-0.169747138,-1.046478884,4.590219998,1.0,0.0,0.0,0.0,0.105,generic_sequence_executor,generic-solve-4291855b4c05
89,3.666667,-0.168012883,-0.992217790,4.594183155,1.0,0.0,0.0,0.0,0.105,generic_sequence_executor,generic-solve-4291855b4c05
90,3.708333,-0.165319622,-0.916607236,4.598742052,1.0,0.0,0.0,0.0,0.105,generic_sequence_executor,generic-solve-4291855b4c05
91,3.75,-0.163623518,-0.834342226,4.603082341,1.0,0.0,0.0,0.0,0.105,generic_sequence_executor,generic-solve-4291855b4c05
92,3.791667,-0.159208056,-0.749699425,4.606261912,1.0,0.0,0.0,0.0,0.105,generic_sequence_executor,generic-solve-4291855b4c05
93,3.833333,-0.150197135,-0.676623841,4.606772897,1.0,0.0,0.0,0.0,0.105,generic_sequence_executor,generic-solve-4291855b4c05
94,3.875,-0.151305060,-0.640101054,4.602448931,1.0,0.0,0.0,0.0,0.105,generic_sequence_executor,generic-solve-4291855b4c05
95,3.916667,-0.163185682,-0.667484127,4.590653650,1.0,0.0,0.0,0.0,0.105,generic_sequence_executor,generic-solve-4291855b4c05
96,3.958333,-0.176160014,-0.714528730,4.573279812,1.0,0.0,0.0,0.0,0.105,generic_sequence_executor,generic-solve-4291855b4c05
97,4.0,-0.184009719,-0.780249529,4.563381635,1.0,0.0,0.0,0.0,0.105,generic_sequence_executor,generic-solve-4291855b4c05
98,4.041667,-0.206502617,-0.853277381,4.559024730,1.0,0.0,0.0,0.0,0.105,generic_sequence_executor,generic-solve-4291855b4c05
99,4.083333,-0.216404673,-0.928856408,4.558529795,1.0,0.0,0.0,0.0,0.105,generic_sequence_executor,generic-solve-4291855b4c05
100,4.125,-0.219754469,-0.999969289,4.560491821,1.0,0.0,0.0,0.0,0.105,generic_sequence_executor,generic-solve-4291855b4c05
101,4.166667,-0.220131407,-1.046537051,4.564099960,1.0,0.0,0.0,0.0,0.105,generic_sequence_executor,generic-solve-4291855b4c05
102,4.208333,-0.220852503,-1.072586315,4.568396406,1.0,0.0,0.0,0.0,0.105,generic_sequence_executor,generic-solve-4291855b4c05
103,4.25,-0.222138501,-1.090684652,4.572524856,1.0,0.0,0.0,0.0,0.105,generic_sequence_executor,generic-solve-4291855b4c05
104,4.291667,-0.219507053,-1.102471546,4.576073675,1.0,0.0,0.0,0.0,0.105,generic_sequence_executor,generic-solve-4291855b4c05
105,4.333333,-0.220761355,-1.107274986,4.578788491,1.0,0.0,0.0,0.0,0.105,generic_sequence_executor,generic-solve-4291855b4c05
106,4.375,-0.220058941,-1.107239422,4.580498885,1.0,0.0,0.0,0.0,0.105,generic_sequence_executor,generic-solve-4291855b4c05
107,4.416667,-0.218148326,-1.102294313,4.581141820,1.0,0.0,0.0,0.0,0.105,generic_sequence_executor,generic-solve-4291855b4c05
108,4.458333,-0.219487306,-1.090281193,4.580762932,1.0,0.0,0.0,0.0,0.105,generic_sequence_executor,generic-solve-4291855b4c05
109,4.5,-0.219114275,-1.073338743,4.579431965,1.0,0.0,0.0,0.0,0.105,generic_sequence_executor,generic-solve-4291855b4c05
110,4.541667,-0.218530508,-1.047599494,4.577443793,1.0,0.0,0.0,0.0,0.105,generic_sequence_executor,generic-solve-4291855b4c05
111,4.583333,-0.218949511,-1.001917062,4.575408107,1.0,0.0,0.0,0.0,0.105,generic_sequence_executor,generic-solve-4291855b4c05
112,4.625,-0.219425055,-0.926775208,4.574127049,1.0,0.0,0.0,0.0,0.105,generic_sequence_executor,generic-solve-4291855b4c05
113,4.666667,-0.219435837,-0.840328713,4.574138849,1.0,0.0,0.0,0.0,0.105,generic_sequence_executor,generic-solve-4291855b4c05
114,4.708333,-0.215888834,-0.669841208,4.577938444,1.0,0.0,0.0,0.0,0.105,generic_sequence_executor,generic-solve-4291855b4c05
115,4.75,-0.217278017,-0.654819318,4.583315460,1.0,0.0,0.0,0.0,0.105,generic_sequence_executor,generic-solve-4291855b4c05
116,4.791667,-0.222308632,-0.678191555,4.589793523,1.0,0.0,0.0,0.0,0.105,generic_sequence_executor,generic-solve-4291855b4c05
117,4.833333,-0.224456456,-0.764469143,4.593429304,1.0,0.0,0.0,0.0,0.105,generic_sequence_executor,generic-solve-4291855b4c05
118,4.875,-0.223474478,-0.834460526,4.595104091,1.0,0.0,0.0,0.0,0.105,generic_sequence_executor,generic-solve-4291855b4c05
119,4.916667,-0.220097396,-0.901556197,4.594538625,1.0,0.0,0.0,0.0,0.105,generic_sequence_executor,generic-solve-4291855b4c05
120,4.958333,-0.215844449,-0.954427665,4.591944436,1.0,0.0,0.0,0.0,0.105,generic_sequence_executor,generic-solve-4291855b4c05
121,5.0,-0.210279601,-0.995057572,4.587372224,1.0,0.0,0.0,0.0,0.105,generic_sequence_executor,generic-solve-4291855b4c05
122,5.041667,-0.204608325,-1.019984692,4.581029717,1.0,0.0,0.0,0.0,0.105,generic_sequence_executor,generic-solve-4291855b4c05
123,5.083333,-0.199463839,-1.028733039,4.573162003,1.0,0.0,0.0,0.0,0.105,generic_sequence_executor,generic-solve-4291855b4c05
124,5.125,-0.194212355,-1.027926014,4.564049975,1.0,0.0,0.0,0.0,0.105,generic_sequence_executor,generic-solve-4291855b4c05
125,5.166667,-0.188821047,-1.019943298,4.554333641,1.0,0.0,0.0,0.0,0.105,generic_sequence_executor,generic-solve-4291855b4c05
126,5.208333,-0.183212967,-0.997840892,4.545260297,1.0,0.0,0.0,0.0,0.105,generic_sequence_executor,generic-solve-4291855b4c05
127,5.25,-0.178712683,-0.959697493,4.538557983,1.0,0.0,0.0,0.0,0.105,generic_sequence_executor,generic-solve-4291855b4c05
128,5.291667,-0.173619449,-0.908042055,4.536611744,1.0,0.0,0.0,0.0,0.105,generic_sequence_executor,generic-solve-4291855b4c05
129,5.333333,-0.169837324,-0.846834296,4.542610586,1.0,0.0,0.0,0.0,0.105,generic_sequence_executor,generic-solve-4291855b4c05
130,5.375,-0.164486909,-0.739626108,4.561327270,1.0,0.0,0.0,0.0,0.105,generic_sequence_executor,generic-solve-4291855b4c05
131,5.416667,-0.166178517,-0.715901658,4.595447901,1.0,0.0,0.0,0.0,0.105,generic_sequence_executor,generic-solve-4291855b4c05
132,5.458333,-0.193039437,-0.751150172,4.608283506,1.0,0.0,0.0,0.0,0.105,generic_sequence_executor,generic-solve-4291855b4c05
133,5.5,-0.228901271,-0.832203381,4.612463832,1.0,0.0,0.0,0.0,0.105,generic_sequence_executor,generic-solve-4291855b4c05
134,5.541667,-0.286044801,-0.925544541,4.611226320,1.0,0.0,0.0,0.0,0.105,generic_sequence_executor,generic-solve-4291855b4c05
135,5.583333,-0.352458338,-1.009877081,4.607113375,1.0,0.0,0.0,0.0,0.105,generic_sequence_executor,generic-solve-4291855b4c05
136,5.625,-0.417162057,-1.059766130,4.602182541,1.0,0.0,0.0,0.0,0.105,generic_sequence_executor,generic-solve-4291855b4c05
137,5.666667,-0.479152779,-1.087252621,4.597234819,1.0,0.0,0.0,0.0,0.105,generic_sequence_executor,generic-solve-4291855b4c05
138,5.708333,-0.539147259,-1.107270329,4.592614358,1.0,0.0,0.0,0.0,0.105,generic_sequence_executor,generic-solve-4291855b4c05
139,5.75,-0.595906585,-1.122555826,4.588638784,1.0,0.0,0.0,0.0,0.105,generic_sequence_executor,generic-solve-4291855b4c05
140,5.791667,-0.664659861,-1.120184954,4.585630009,1.0,0.0,0.0,0.0,0.105,generic_sequence_executor,generic-solve-4291855b4c05
141,5.833333,-0.733454009,-1.117951279,4.583322131,1.0,0.0,0.0,0.0,0.105,generic_sequence_executor,generic-solve-4291855b4c05
142,5.875,-0.802286995,-1.115881657,4.581641732,1.0,0.0,0.0,0.0,0.105,generic_sequence_executor,generic-solve-4291855b4c05
143,5.916667,-0.871162988,-1.113934019,4.580470362,1.0,0.0,0.0,0.0,0.105,generic_sequence_executor,generic-solve-4291855b4c05
144,5.958333,-0.940081047,-1.112089044,4.579669697,1.0,0.0,0.0,0.0,0.105,generic_sequence_executor,generic-solve-4291855b4c05
145,6.0,-1.009019385,-1.110269713,4.579100372,1.0,0.0,0.0,0.0,0.105,generic_sequence_executor,generic-solve-4291855b4c05
146,6.041667,-1.074489822,-1.092235647,4.579023740,1.0,0.0,0.0,0.0,0.105,generic_sequence_executor,generic-solve-4291855b4c05
147,6.083333,-1.143328442,-1.066795245,4.579029199,1.0,0.0,0.0,0.0,0.105,generic_sequence_executor,generic-solve-4291855b4c05
148,6.125,-1.213122254,-1.033273036,4.579049714,1.0,0.0,0.0,0.0,0.105,generic_sequence_executor,generic-solve-4291855b4c05
149,6.166667,-1.290359322,-0.962834855,4.579463185,1.0,0.0,0.0,0.0,0.105,generic_sequence_executor,generic-solve-4291855b4c05
150,6.208333,-1.367356043,-0.878487389,4.579836391,1.0,0.0,0.0,0.0,0.105,generic_sequence_executor,generic-solve-4291855b4c05
151,6.25,-1.444360770,-0.785803045,4.579902944,1.0,0.0,0.0,0.0,0.105,generic_sequence_executor,generic-solve-4291855b4c05
152,6.291667,-1.524415558,-0.682492548,4.579446613,1.0,0.0,0.0,0.0,0.105,generic_sequence_executor,generic-solve-4291855b4c05
153,6.333333,-1.603639676,-0.567158675,4.578334912,1.0,0.0,0.0,0.0,0.105,generic_sequence_executor,generic-solve-4291855b4c05
154,6.375,-1.685129405,-0.445232790,4.576163588,1.0,0.0,0.0,0.0,0.105,generic_sequence_executor,generic-solve-4291855b4c05
155,6.416667,-1.765502210,-0.316352366,4.572714204,1.0,0.0,0.0,0.0,0.105,generic_sequence_executor,generic-solve-4291855b4c05
156,6.458333,-1.850021207,-0.172784431,4.567650001,1.0,0.0,0.0,0.0,0.105,generic_sequence_executor,generic-solve-4291855b4c05
157,6.5,-1.911177474,-0.024513236,4.561394824,1.0,0.0,0.0,0.0,0.105,generic_sequence_executor,generic-solve-4291855b4c05
158,6.541667,-1.950769052,0.136815057,4.553864757,1.0,0.0,0.0,0.0,0.105,generic_sequence_executor,generic-solve-4291855b4c05
159,6.583333,-1.976641065,0.298613586,4.545096735,1.0,0.0,0.0,0.0,0.105,generic_sequence_executor,generic-solve-4291855b4c05
160,6.625,-1.997554386,0.475194819,4.535461220,1.0,0.0,0.0,0.0,0.105,generic_sequence_executor,generic-solve-4291855b4c05
161,6.666667,-2.007403591,0.667220325,4.526408904,1.0,0.0,0.0,0.0,0.105,generic_sequence_executor,generic-solve-4291855b4c05
162,6.708333,-2.007180380,0.871839266,4.520007922,1.0,0.0,0.0,0.0,0.105,generic_sequence_executor,generic-solve-4291855b4c05
163,6.75,-2.000914302,0.421414594,4.525494778,1.0,0.0,0.0,0.0,0.105,generic_sequence_executor,generic-solve-4291855b4c05
164,6.791667,-1.971691825,0.177248991,4.534012784,1.0,0.0,0.0,0.0,0.105,generic_sequence_executor,generic-solve-4291855b4c05
165,6.833333,-1.948963873,0.037742550,4.542704394,1.0,0.0,0.0,0.0,0.105,generic_sequence_executor,generic-solve-4291855b4c05
166,6.875,-1.916477905,-0.100424056,4.550771850,1.0,0.0,0.0,0.0,0.105,generic_sequence_executor,generic-solve-4291855b4c05
167,6.916667,-1.875422257,-0.227499384,4.557479279,1.0,0.0,0.0,0.0,0.105,generic_sequence_executor,generic-solve-4291855b4c05
168,6.958333,-1.808948350,-0.342990341,4.562995927,1.0,0.0,0.0,0.0,0.105,generic_sequence_executor,generic-solve-4291855b4c05
169,7.0,-1.732220270,-0.454914350,4.566940326,1.0,0.0,0.0,0.0,0.105,generic_sequence_executor,generic-solve-4291855b4c05
170,7.041667,-1.653723314,-0.555223064,4.569402395,1.0,0.0,0.0,0.0,0.105,generic_sequence_executor,generic-solve-4291855b4c05
171,7.083333,-1.571624335,-0.640670385,4.570786104,1.0,0.0,0.0,0.0,0.105,generic_sequence_executor,generic-solve-4291855b4c05
172,7.125,-1.490502255,-0.716436528,4.571320503,1.0,0.0,0.0,0.0,0.105,generic_sequence_executor,generic-solve-4291855b4c05
173,7.166667,-1.408866143,-0.776389626,4.571536894,1.0,0.0,0.0,0.0,0.105,generic_sequence_executor,generic-solve-4291855b4c05
174,7.208333,-1.325317539,-0.826655451,4.571804751,1.0,0.0,0.0,0.0,0.105,generic_sequence_executor,generic-solve-4291855b4c05
175,7.25,-1.240183382,-0.868078544,4.572541753,1.0,0.0,0.0,0.0,0.105,generic_sequence_executor,generic-solve-4291855b4c05
176,7.291667,-1.154817802,-0.894403684,4.574247614,1.0,0.0,0.0,0.0,0.105,generic_sequence_executor,generic-solve-4291855b4c05
177,7.333333,-1.070915082,-0.912826622,4.577143801,1.0,0.0,0.0,0.0,0.105,generic_sequence_executor,generic-solve-4291855b4c05
178,7.375,-0.981907863,-0.921151107,4.581649531,1.0,0.0,0.0,0.0,0.105,generic_sequence_executor,generic-solve-4291855b4c05
179,7.416667,-0.891873124,-0.916907848,4.587863102,1.0,0.0,0.0,0.0,0.105,generic_sequence_executor,generic-solve-4291855b4c05
180,7.458333,-0.801921404,-0.901353011,4.595584281,1.0,0.0,0.0,0.0,0.105,generic_sequence_executor,generic-solve-4291855b4c05
181,7.5,-0.709993810,-0.874795397,4.604267927,1.0,0.0,0.0,0.0,0.105,generic_sequence_executor,generic-solve-4291855b4c05
182,7.541667,-0.614318142,-0.836438655,4.612833063,1.0,0.0,0.0,0.0,0.105,generic_sequence_executor,generic-solve-4291855b4c05
183,7.583333,-0.514226972,-0.797156215,4.619272274,1.0,0.0,0.0,0.0,0.105,generic_sequence_executor,generic-solve-4291855b4c05
184,7.625,-0.411132941,-0.744513938,4.621055686,1.0,0.0,0.0,0.0,0.105,generic_sequence_executor,generic-solve-4291855b4c05
185,7.666667,-0.337987758,-0.701524389,4.613879173,1.0,0.0,0.0,0.0,0.105,generic_sequence_executor,generic-solve-4291855b4c05
186,7.708333,-0.319640856,-0.680447857,4.592581461,1.0,0.0,0.0,0.0,0.105,generic_sequence_executor,generic-solve-4291855b4c05
187,7.75,-0.303920715,-0.644719953,4.576202910,1.0,0.0,0.0,0.0,0.105,generic_sequence_executor,generic-solve-4291855b4c05
188,7.791667,-0.296142037,-0.601118048,4.563963785,1.0,0.0,0.0,0.0,0.105,generic_sequence_executor,generic-solve-4291855b4c05
189,7.833333,-0.293554560,-0.546099880,4.555521324,1.0,0.0,0.0,0.0,0.105,generic_sequence_executor,generic-solve-4291855b4c05
190,7.875,-0.298403270,-0.485325215,4.550175836,1.0,0.0,0.0,0.0,0.105,generic_sequence_executor,generic-solve-4291855b4c05
191,7.916667,-0.305944987,-0.417663626,4.547264940,1.0,0.0,0.0,0.0,0.105,generic_sequence_executor,generic-solve-4291855b4c05
192,7.958333,-0.303316658,-0.350688537,4.546117968,1.0,0.0,0.0,0.0,0.105,generic_sequence_executor,generic-solve-4291855b4c05
193,8.0,-0.291363803,-0.289151378,4.546127876,1.0,0.0,0.0,0.0,0.105,generic_sequence_executor,generic-solve-4291855b4c05
194,8.041667,-0.269274092,-0.234953653,4.546834961,1.0,0.0,0.0,0.0,0.105,generic_sequence_executor,generic-solve-4291855b4c05
195,8.083333,-0.247197291,-0.190220986,4.547855445,1.0,0.0,0.0,0.0,0.105,generic_sequence_executor,generic-solve-4291855b4c05
196,8.125,-0.225591085,-0.157986828,4.548944660,1.0,0.0,0.0,0.0,0.105,generic_sequence_executor,generic-solve-4291855b4c05
197,8.166667,-0.208542711,-0.137621123,4.549946811,1.0,0.0,0.0,0.0,0.105,generic_sequence_executor,generic-solve-4291855b4c05
198,8.208333,-0.200235892,-0.121063185,4.550795122,1.0,0.0,0.0,0.0,0.105,generic_sequence_executor,generic-solve-4291855b4c05
199,8.25,-0.195150834,-0.114590543,4.551458747,1.0,0.0,0.0,0.0,0.105,generic_sequence_executor,generic-solve-4291855b4c05
200,8.291667,-0.196848992,-0.114224895,4.551936357,1.0,0.0,0.0,0.0,0.105,generic_sequence_executor,generic-solve-4291855b4c05
201,8.333333,-0.203113818,-0.118501424,4.552253642,1.0,0.0,0.0,0.0,0.105,generic_sequence_executor,generic-solve-4291855b4c05
202,8.375,-0.211940658,-0.127595900,4.552439814,1.0,0.0,0.0,0.0,0.105,generic_sequence_executor,generic-solve-4291855b4c05
203,8.416667,-0.224245450,-0.142834889,4.552514751,1.0,0.0,0.0,0.0,0.105,generic_sequence_executor,generic-solve-4291855b4c05
204,8.458333,-0.236968424,-0.159223832,4.552523429,1.0,0.0,0.0,0.0,0.105,generic_sequence_executor,generic-solve-4291855b4c05
205,8.5,-0.248842345,-0.181098480,4.552475421,1.0,0.0,0.0,0.0,0.105,generic_sequence_executor,generic-solve-4291855b4c05
206,8.541667,-0.258875461,-0.194067330,4.552433716,1.0,0.0,0.0,0.0,0.105,generic_sequence_executor,generic-solve-4291855b4c05
207,8.583333,-0.264112548,-0.216054248,4.552350296,1.0,0.0,0.0,0.0,0.105,generic_sequence_executor,generic-solve-4291855b4c05
208,8.625,-0.272885314,-0.226294981,4.552281565,1.0,0.0,0.0,0.0,0.105,generic_sequence_executor,generic-solve-4291855b4c05
209,8.666667,-0.279757957,-0.233660185,4.552207709,1.0,0.0,0.0,0.0,0.105,generic_sequence_executor,generic-solve-4291855b4c05
210,8.708333,-0.286541405,-0.231465070,4.552151050,1.0,0.0,0.0,0.0,0.105,generic_sequence_executor,generic-solve-4291855b4c05
211,8.75,-0.297030294,-0.218903290,4.552101196,1.0,0.0,0.0,0.0,0.105,generic_sequence_executor,generic-solve-4291855b4c05
212,8.791667,-0.303919232,-0.190876631,4.552113752,1.0,0.0,0.0,0.0,0.105,generic_sequence_executor,generic-solve-4291855b4c05
213,8.833333,-0.313983696,-0.154686975,4.552137688,1.0,0.0,0.0,0.0,0.105,generic_sequence_executor,generic-solve-4291855b4c05
214,8.875,-0.321259228,-0.119404817,4.552172195,1.0,0.0,0.0,0.0,0.105,generic_sequence_executor,generic-solve-4291855b4c05
215,8.916667,-0.319686934,-0.094619028,4.552218565,1.0,0.0,0.0,0.0,0.105,generic_sequence_executor,generic-solve-4291855b4c05
216,8.958333,-0.316024430,-0.078709611,4.552250383,1.0,0.0,0.0,0.0,0.105,generic_sequence_executor,generic-solve-4291855b4c05
217,9.0,-0.315788649,-0.062379334,4.552262668,1.0,0.0,0.0,0.0,0.105,generic_sequence_executor,generic-solve-4291855b4c05
218,9.041667,-0.309081952,-0.038860044,4.552314577,1.0,0.0,0.0,0.0,0.105,generic_sequence_executor,generic-solve-4291855b4c05
219,9.083333,-0.298181177,-0.017678489,4.552393514,1.0,0.0,0.0,0.0,0.105,generic_sequence_executor,generic-solve-4291855b4c05
220,9.125,-0.295750432,0.006061409,4.552453684,1.0,0.0,0.0,0.0,0.105,generic_sequence_executor,generic-solve-4291855b4c05
221,9.166667,-0.294488872,0.020401736,4.552523541,1.0,0.0,0.0,0.0,0.105,generic_sequence_executor,generic-solve-4291855b4c05
222,9.208333,-0.303643872,0.028515121,4.552559733,1.0,0.0,0.0,0.0,0.105,generic_sequence_executor,generic-solve-4291855b4c05
223,9.25,-0.327804173,0.025325297,4.552536830,1.0,0.0,0.0,0.0,0.105,generic_sequence_executor,generic-solve-4291855b4c05
224,9.291667,-0.362395217,0.013530343,4.552458320,1.0,0.0,0.0,0.0,0.105,generic_sequence_executor,generic-solve-4291855b4c05
225,9.333333,-0.407107826,-0.014011864,4.552308892,1.0,0.0,0.0,0.0,0.105,generic_sequence_executor,generic-solve-4291855b4c05
226,9.375,-0.459659420,-0.051891050,4.552076797,1.0,0.0,0.0,0.0,0.105,generic_sequence_executor,generic-solve-4291855b4c05
227,9.416667,-0.512338559,-0.110237000,4.551776373,1.0,0.0,0.0,0.0,0.105,generic_sequence_executor,generic-solve-4291855b4c05
228,9.458333,-0.551588125,-0.197758693,4.551464851,1.0,0.0,0.0,0.0,0.105,generic_sequence_executor,generic-solve-4291855b4c05
229,9.5,-0.579385162,-0.309575046,4.551129902,1.0,0.0,0.0,0.0,0.105,generic_sequence_executor,generic-solve-4291855b4c05
230,9.541667,-0.581591337,-0.446126610,4.550877154,1.0,0.0,0.0,0.0,0.105,generic_sequence_executor,generic-solve-4291855b4c05
231,9.583333,-0.569883554,-0.562548301,4.550904555,1.0,0.0,0.0,0.0,0.105,generic_sequence_executor,generic-solve-4291855b4c05
232,9.625,-0.554177952,-0.662374371,4.551029583,1.0,0.0,0.0,0.0,0.105,generic_sequence_executor,generic-solve-4291855b4c05
233,9.666667,-0.536880857,-0.744627521,4.551205632,1.0,0.0,0.0,0.0,0.105,generic_sequence_executor,generic-solve-4291855b4c05
234,9.708333,-0.522863548,-0.811876270,4.551346470,1.0,0.0,0.0,0.0,0.105,generic_sequence_executor,generic-solve-4291855b4c05
235,9.75,-0.506462573,-0.861126448,4.551546187,1.0,0.0,0.0,0.0,0.105,generic_sequence_executor,generic-solve-4291855b4c05
236,9.791667,-0.491247968,-0.895186215,4.551759304,1.0,0.0,0.0,0.0,0.105,generic_sequence_executor,generic-solve-4291855b4c05
237,9.833333,-0.476410077,-0.913397267,4.552044137,1.0,0.0,0.0,0.0,0.105,generic_sequence_executor,generic-solve-4291855b4c05
238,9.875,-0.461511361,-0.916147840,4.552448937,1.0,0.0,0.0,0.0,0.105,generic_sequence_executor,generic-solve-4291855b4c05
239,9.916667,-0.446462971,-0.903283734,4.553034540,1.0,0.0,0.0,0.0,0.105,generic_sequence_executor,generic-solve-4291855b4c05
240,9.958333,-0.431051638,-0.873399108,4.553882237,1.0,0.0,0.0,0.0,0.105,generic_sequence_executor,generic-solve-4291855b4c05
