frame,time,tx,ty,tz,qx,qy,qz,qw,rx_delta,ry_delta,rz_delta,rear_joint_angle,seat_joint_angle,fx,fy,cx,cy,da3_mask_depth_m,da3_depth_conf,residual_norm,source,se3_schema,pose_lock_reason
1,0.000000,0.616483312,0.898351475,5.002412685,0.610363585,0.394571790,-0.397403506,0.560214111,0.075297901,1.189126680,-0.004251736,-0.169615616,0.105957362,1468.604736328,1468.604736328,640.000000000,360.000000000,3.069457054,0.939050647,2.728257889,chair_twohand_endpoint_se3_boundary_freeze_prefix,1,current_run_contact_chord_constraint_gate
2,0.041667,0.616483312,0.898351475,5.002412685,0.610363585,0.394571790,-0.397403506,0.560214111,0.075297901,1.189126680,-0.004251736,-0.169615616,0.105957362,1468.604736328,1468.604736328,640.000000000,360.000000000,3.034992218,0.944139925,2.677824633,chair_twohand_endpoint_se3_boundary_freeze_prefix,1,current_run_contact_chord_constraint_gate
3,0.083333,0.616483312,0.898351475,5.002412685,0.610363585,0.394571790,-0.397403506,0.560214111,0.075297901,1.189126680,-0.004251736,-0.169615616,0.105957362,1468.604736328,1468.604736328,640.000000000,360.000000000,3.026824951,0.942613288,4.331072106,chair_twohand_endpoint_se3_boundary_freeze_prefix,1,current_run_contact_chord_constraint_gate
4,0.125000,0.616483312,0.898351475,5.002412685,0.610363585,0.394571790,-0.397403506,0.560214111,0.075297901,1.189126680,-0.004251736,-0.169615616,0.105957362,1468.604736328,1468.604736328,640.000000000,360.000000000,3.052550316,0.942810002,2.860847541,chair_twohand_endpoint_se3_boundary_freeze_prefix,1,current_run_contact_chord_constraint_gate
5,0.166667,0.616483312,0.898351475,5.002412685,0.610363585,0.394571790,-0.397403506,0.560214111,0.075297901,1.189126680,-0.004251736,-0.169615616,0.105957362,1468.604736328,1468.604736328,640.000000000,360.000000000,3.058359861,0.939303517,2.629198892,chair_twohand_endpoint_se3_boundary_freeze_prefix,1,current_run_contact_chord_constraint_gate
6,0.208333,0.616483312,0.898351475,5.002412685,0.610363585,0.394571790,-0.397403506,0.560214111,0.075297901,1.189126680,-0.004251736,-0.169615616,0.105957362,1468.604736328,1468.604736328,640.000000000,360.000000000,3.097465754,0.942254180,2.619428473,chair_twohand_endpoint_se3_boundary_freeze_prefix,1,current_run_contact_chord_constraint_gate
7,0.250000,0.616483312,0.898351475,5.002412685,0.610363585,0.394571790,-0.397403506,0.560214111,0.075297901,1.189126680,-0.004251736,-0.169615616,0.105957362,1468.604736328,1468.604736328,640.000000000,360.000000000,3.097321272,0.945330016,2.656097526,chair_twohand_endpoint_se3_boundary_freeze_prefix,1,current_run_contact_chord_constraint_gate
8,0.291667,0.616483312,0.898351475,5.002412685,0.610363585,0.394571790,-0.397403506,0.560214111,0.075297901,1.189126680,-0.004251736,-0.169615616,0.105957362,1468.604736328,1468.604736328,640.000000000,360.000000000,3.113695621,0.946531474,3.771122133,chair_twohand_endpoint_se3_boundary_freeze_prefix,1,current_run_contact_chord_constraint_gate
9,0.333333,0.616483312,0.898351475,5.002412685,0.610363585,0.394571790,-0.397403506,0.560214111,0.075297901,1.189126680,-0.004251736,-0.169615616,0.105957362,1468.604736328,1468.604736328,640.000000000,360.000000000,3.115479946,0.945680201,2.615983975,chair_twohand_endpoint_se3_boundary_freeze_prefix,1,current_run_contact_chord_constraint_gate
10,0.375000,0.616483312,0.898351475,5.002412685,0.610363585,0.394571790,-0.397403506,0.560214111,0.075297901,1.189126680,-0.004251736,-0.169615616,0.105957362,1468.604736328,1468.604736328,640.000000000,360.000000000,3.103169441,0.945681173,2.716617077,chair_twohand_endpoint_se3_boundary_freeze_prefix,1,current_run_contact_chord_constraint_gate
11,0.416667,0.616483312,0.898351475,5.002412685,0.610363585,0.394571790,-0.397403506,0.560214111,0.075297901,1.189126680,-0.004251736,-0.169615616,0.105957362,1468.604736328,1468.604736328,640.000000000,360.000000000,3.116957664,0.943186807,3.390958609,chair_twohand_endpoint_se3_boundary_freeze_prefix,1,current_run_contact_chord_constraint_gate
12,0.458333,0.616483312,0.898351475,5.002412685,0.610363585,0.394571790,-0.397403506,0.560214111,0.075297901,1.189126680,-0.004251736,-0.169615616,0.105957362,1468.604736328,1468.604736328,640.000000000,360.000000000,3.120451450,0.944278356,2.731603459,chair_twohand_endpoint_se3_boundary_freeze_prefix,1,current_run_contact_chord_constraint_gate
13,0.500000,0.616483312,0.898351475,5.002412685,0.610363585,0.394571790,-0.397403506,0.560214111,0.075297901,1.189126680,-0.004251736,-0.169615616,0.105957362,1468.604736328,1468.604736328,640.000000000,360.000000000,3.159312010,0.942465978,2.670943606,chair_twohand_endpoint_se3_boundary_freeze_prefix,1,current_run_contact_chord_constraint_gate
14,0.541667,0.616483312,0.898351475,5.002412685,0.610363585,0.394571790,-0.397403506,0.560214111,0.075297901,1.189126680,-0.004251736,-0.169615616,0.105957362,1468.604736328,1468.604736328,640.000000000,360.000000000,3.166208982,0.941170647,2.644647184,chair_twohand_endpoint_se3_boundary_freeze_prefix,1,current_run_contact_chord_constraint_gate
15,0.583333,0.616483312,0.898351475,5.002412685,0.610363585,0.394571790,-0.397403506,0.560214111,0.075297901,1.189126680,-0.004251736,-0.169615616,0.105957362,1468.604736328,1468.604736328,640.000000000,360.000000000,3.187313557,0.941107838,2.661197558,chair_twohand_endpoint_se3_boundary_freeze_prefix,1,current_run_contact_chord_constraint_gate
16,0.625000,0.616483312,0.898351475,5.002412685,0.610363585,0.394571790,-0.397403506,0.560214111,0.075297901,1.189126680,-0.004251736,-0.169615616,0.105957362,1468.604736328,1468.604736328,640.000000000,360.000000000,3.189920187,0.939946927,2.647122042,chair_twohand_endpoint_se3_boundary_freeze_prefix,1,current_run_contact_chord_constraint_gate
17,0.666667,0.616483312,0.898351475,5.002412685,0.610363585,0.394571790,-0.397403506,0.560214111,0.075297901,1.189126680,-0.004251736,-0.169615616,0.105957362,1468.604736328,1468.604736328,640.000000000,360.000000000,3.183128119,0.938361470,2.734164225,chair_twohand_endpoint_se3_boundary_freeze_prefix,1,current_run_contact_chord_constraint_gate
18,0.708333,0.616483312,0.898351475,5.002412685,0.610363585,0.394571790,-0.397403506,0.560214111,0.075297901,1.189126680,-0.004251736,-0.169615616,0.105957362,1468.604736328,1468.604736328,640.000000000,360.000000000,3.183089256,0.938976372,2.783825839,chair_twohand_endpoint_se3_boundary_freeze_prefix,1,current_run_contact_chord_constraint_gate
19,0.750000,0.616483312,0.898351475,5.002412685,0.610363585,0.394571790,-0.397403506,0.560214111,0.075297901,1.189126680,-0.004251736,-0.169615616,0.105957362,1468.604736328,1468.604736328,640.000000000,360.000000000,3.174079657,0.939001878,2.460639661,chair_twohand_endpoint_se3_boundary_freeze_prefix,1,current_run_contact_chord_constraint_gate
20,0.791667,0.616483312,0.898351475,5.002412685,0.610363585,0.394571790,-0.397403506,0.560214111,0.075297901,1.189126680,-0.004251736,-0.169615616,0.105957362,1468.604736328,1468.604736328,640.000000000,360.000000000,3.176578999,0.940255171,2.736374240,chair_twohand_endpoint_se3_contact_refined,1,current_run_contact_chord_constraint_gate
21,0.833333,0.612081051,0.897865768,5.002610458,0.609642315,0.395343168,-0.396827088,0.560863878,0.073240675,1.189441211,-0.002228101,-0.161272625,0.098581881,1468.604736328,1468.604736328,640.000000000,360.000000000,3.177929878,0.941372043,2.696505552,chair_twohand_endpoint_se3_contact_refined,1,current_run_contact_chord_constraint_gate
22,0.875000,0.619150485,0.898594536,5.004815953,0.613778124,0.392305160,-0.399686545,0.556438444,0.086101747,1.189261427,-0.011083950,-0.127119839,0.125959134,1468.604736328,1468.604736328,640.000000000,360.000000000,3.193499804,0.939970887,3.142201125,chair_twohand_endpoint_se3_contact_refined,1,current_run_contact_chord_constraint_gate
23,0.916667,0.617805516,0.897859576,5.003582314,0.614487281,0.391407390,-0.400128588,0.555970097,0.087864472,1.188503719,-0.013095016,-0.039301687,0.134550905,1468.604736328,1468.604736328,640.000000000,360.000000000,3.184554338,0.940344899,4.987319689,chair_twohand_endpoint_se3_contact_refined,1,current_run_contact_chord_constraint_gate
24,0.958333,0.611522756,0.896415337,4.998730391,0.613651355,0.391585309,-0.399917902,0.556918874,0.085182249,1.188420134,-0.012511157,-0.028407785,0.138618100,1468.604736328,1468.604736328,640.000000000,360.000000000,3.187441826,0.938738189,2.416407572,chair_twohand_endpoint_se3_contact_refined,1,current_run_contact_chord_constraint_gate
25,1.000000,0.612026551,0.893785541,4.993480238,0.614773973,0.389458373,-0.402006567,0.555667039,0.088750363,1.188402040,-0.018841390,-0.111447044,0.140759079,1468.604736328,1468.604736328,640.000000000,360.000000000,3.196914196,0.939658368,2.100562126,chair_twohand_endpoint_se3_contact_refined,1,current_run_contact_chord_constraint_gate
26,1.041667,0.611080436,0.889590901,4.985900655,0.615646115,0.387278650,-0.403755468,0.554956422,0.091123137,1.187705965,-0.024739281,-0.225440876,0.128619383,1468.604736328,1468.604736328,640.000000000,360.000000000,3.201094627,0.940747280,2.843145588,chair_twohand_endpoint_se3_contact_refined,1,current_run_contact_chord_constraint_gate
27,1.083333,0.607026708,0.882333889,4.976263838,0.616659157,0.384789094,-0.405510326,0.554283513,0.093646358,1.186499385,-0.031109384,-0.318600532,0.129850418,1468.604736328,1468.604736328,640.000000000,360.000000000,3.217447281,0.940810766,2.495501701,chair_twohand_endpoint_se3_contact_refined,1,current_run_contact_chord_constraint_gate
28,1.125000,0.620116005,0.872679456,4.976932906,0.625981534,0.376426104,-0.410664489,0.545715296,0.120482735,1.181453489,-0.051393144,-0.497339334,0.143572196,1468.604736328,1468.604736328,640.000000000,360.000000000,3.236993074,0.937390537,2.471364524,chair_twohand_endpoint_se3_contact_refined,1,current_run_contact_chord_constraint_gate
29,1.166667,0.635537136,0.860637399,4.980716437,0.635176951,0.368953134,-0.414941457,0.536886779,0.147523487,1.176545542,-0.069023765,-0.803473107,0.145840767,1468.604736328,1468.604736328,640.000000000,360.000000000,3.253787518,0.934293968,2.475508176,chair_twohand_endpoint_se3_contact_refined,1,current_run_contact_chord_constraint_gate
30,1.208333,0.660881931,0.846176495,4.986221366,0.645444253,0.359074060,-0.422637976,0.525209174,0.180525789,1.173693921,-0.095437423,-0.877432411,0.178283065,1468.604736328,1468.604736328,640.000000000,360.000000000,3.261694431,0.943127349,2.604241968,chair_twohand_endpoint_se3_contact_refined,1,current_run_contact_chord_constraint_gate
31,1.250000,0.665843826,0.830223196,4.987720829,0.646377812,0.357391915,-0.424870177,0.523404315,0.184678613,1.174782223,-0.101337215,-0.836457674,0.184552717,1468.604736328,1468.604736328,640.000000000,360.000000000,3.281002760,0.943768914,2.576232057,chair_twohand_endpoint_se3_contact_refined,1,current_run_contact_chord_constraint_gate
32,1.291667,0.679999613,0.811732001,4.996995143,0.653335020,0.353024326,-0.427451600,0.515569885,0.206938892,1.172363550,-0.111798226,-0.857670916,0.215431664,1468.604736328,1468.604736328,640.000000000,360.000000000,3.303551197,0.945269514,2.542038425,chair_twohand_endpoint_se3_contact_refined,1,current_run_contact_chord_constraint_gate
33,1.333333,0.689475057,0.791813282,5.005437129,0.657314794,0.351804989,-0.428380253,0.510549576,0.220516904,1.172239831,-0.115055463,-0.932745863,0.240240715,1468.604736328,1468.604736328,640.000000000,360.000000000,3.334732771,0.931180976,2.703118840,chair_twohand_endpoint_se3_contact_refined,1,current_run_contact_chord_constraint_gate
34,1.375000,0.684863663,0.772679366,5.008823255,0.655820241,0.355668632,-0.425569129,0.512143097,0.215871545,1.173791444,-0.105023859,-0.894186710,0.246454094,1468.604736328,1468.604736328,640.000000000,360.000000000,3.346376657,0.921879292,2.839672241,chair_twohand_endpoint_se3_contact_refined,1,current_run_contact_chord_constraint_gate
35,1.416667,0.679745654,0.751601414,5.011793431,0.655076312,0.358564056,-0.422172808,0.513884193,0.212083586,1.172738781,-0.095546213,-0.792762726,0.246931090,1468.604736328,1468.604736328,640.000000000,360.000000000,3.430277348,0.915909225,2.810626705,chair_twohand_endpoint_se3_contact_refined,1,current_run_contact_chord_constraint_gate
36,1.458333,0.667573240,0.729121528,5.018661949,0.650932427,0.364661877,-0.415806376,0.520013220,0.196552644,1.171738675,-0.076784656,-0.491330045,0.214873198,1468.604736328,1468.604736328,640.000000000,360.000000000,3.451496124,0.924057033,2.770626785,chair_twohand_endpoint_se3_contact_refined,1,current_run_contact_chord_constraint_gate
37,1.500000,0.649983414,0.706623790,5.016319605,0.643729763,0.372413634,-0.409613971,0.528333675,0.173197729,1.173743476,-0.055833902,-0.362818652,0.168132607,1468.604736328,1468.604736328,640.000000000,360.000000000,3.579167366,0.943578650,2.641558596,chair_twohand_endpoint_se3_contact_refined,1,current_run_contact_chord_constraint_gate
38,1.541667,0.604952921,0.682810102,5.002174997,0.626940916,0.387679198,-0.394907045,0.548359692,0.117844650,1.173608615,-0.010839270,-0.204349407,0.104525014,1468.604736328,1468.604736328,640.000000000,360.000000000,3.582268715,0.947967338,2.679896598,chair_twohand_endpoint_se3_contact_refined,1,current_run_contact_chord_constraint_gate
39,1.583333,0.602727320,0.660397397,5.004286031,0.626671299,0.390562240,-0.392917889,0.548050866,0.117920908,1.175123111,-0.003533182,-0.104566050,0.122456071,1468.604736328,1468.604736328,640.000000000,360.000000000,3.731211901,0.955965568,3.083915935,chair_twohand_endpoint_se3_contact_refined,1,current_run_contact_chord_constraint_gate
40,1.625000,0.589040484,0.637571780,5.001823140,0.623240971,0.396978274,-0.387316575,0.551330039,0.107861661,1.176390609,0.014491913,-0.095741816,0.140505621,1468.604736328,1468.604736328,640.000000000,360.000000000,3.803722620,0.947889222,3.243643346,chair_twohand_endpoint_se3_contact_refined,1,current_run_contact_chord_constraint_gate
41,1.666667,0.585955771,0.614602538,5.002118768,0.624611195,0.400820643,-0.384514310,0.548955747,0.113507366,1.178253578,0.024464714,-0.207953111,0.172538616,1468.604736328,1468.604736328,640.000000000,360.000000000,3.840621471,0.944236614,3.174075089,chair_twohand_endpoint_se3_contact_refined,1,current_run_contact_chord_constraint_gate
42,1.708333,0.575905502,0.591511391,5.000975191,0.622895146,0.406080796,-0.380632079,0.549744709,0.109775113,1.180601220,0.038190281,-0.265540047,0.188283265,1468.604736328,1468.604736328,640.000000000,360.000000000,3.720622540,0.961477672,2.491535343,chair_twohand_endpoint_se3_contact_refined,1,current_run_contact_chord_constraint_gate
43,1.750000,0.559214475,0.567908733,4.996198051,0.616238435,0.412695882,-0.376146292,0.555379390,0.091353635,1.184106654,0.054863461,-0.307012558,0.185421083,1468.604736328,1468.604736328,640.000000000,360.000000000,3.770564079,0.955768959,3.198034807,chair_twohand_endpoint_se3_contact_refined,1,current_run_contact_chord_constraint_gate
44,1.791667,0.514949632,0.538841815,4.980272880,0.597995129,0.426262506,-0.363253453,0.573366402,0.036971851,1.185195900,0.094587159,-0.309099402,0.126572756,1468.604736328,1468.604736328,640.000000000,360.000000000,3.769395590,0.964222448,3.471055156,chair_twohand_endpoint_se3_contact_refined,1,current_run_contact_chord_constraint_gate
45,1.833333,0.517190520,0.517744282,4.981292705,0.597961806,0.428168925,-0.365904023,0.570287029,0.041577658,1.192988611,0.093544704,-0.328358937,0.123271256,1468.604736328,1468.604736328,640.000000000,360.000000000,3.580054045,0.952322107,3.128665841,chair_twohand_endpoint_se3_contact_refined,1,current_run_contact_chord_constraint_gate
46,1.875000,0.499493156,0.492430379,4.975966996,0.589667958,0.434875748,-0.361230323,0.576790635,0.019355350,1.196592822,0.110693273,-0.288731963,0.088475122,1468.604736328,1468.604736328,640.000000000,360.000000000,3.596177816,0.960767701,3.228523748,chair_twohand_endpoint_se3_contact_refined,1,current_run_contact_chord_constraint_gate
47,1.916667,0.509216636,0.476277953,4.974162137,0.591326726,0.432811956,-0.367320866,0.572784336,0.027887082,1.203370669,0.098496218,-0.243082181,0.101983957,1468.604736328,1468.604736328,640.000000000,360.000000000,3.618275642,0.949170881,3.282416974,chair_twohand_endpoint_se3_contact_refined,1,current_run_contact_chord_constraint_gate
48,1.958333,0.500069788,0.452414940,4.976763282,0.589522318,0.434985604,-0.363879178,0.575189452,0.021552782,1.201278153,0.106924973,-0.225463134,0.074247362,1468.604736328,1468.604736328,640.000000000,360.000000000,3.504145861,0.960262985,2.508018067,chair_twohand_endpoint_se3_contact_refined,1,current_run_contact_chord_constraint_gate
49,2.000000,0.490932800,0.435761538,4.970408395,0.586017208,0.435400468,-0.361489378,0.579944561,0.009128699,1.197923694,0.111106756,-0.178563192,0.063557214,1468.604736328,1468.604736328,640.000000000,360.000000000,3.575788975,0.946891614,3.126779645,chair_twohand_endpoint_se3_contact_refined,1,current_run_contact_chord_constraint_gate
50,2.041667,0.468556906,0.419909913,4.956831019,0.577688556,0.439666054,-0.352684754,0.590409314,-0.019111981,1.190447440,0.130682855,-0.138611323,0.036319496,1468.604736328,1468.604736328,640.000000000,360.000000000,3.535461903,0.953129371,3.016071716,chair_twohand_endpoint_se3_contact_refined,1,current_run_contact_chord_constraint_gate
51,2.083333,0.436857448,0.400317923,4.941252952,0.566610010,0.444375872,-0.340531422,0.604583767,-0.057007430,1.178328184,0.155894642,-0.110978328,-0.023691432,1468.604736328,1468.604736328,640.000000000,360.000000000,3.533061743,0.955776410,3.121420398,chair_twohand_endpoint_se3_contact_refined,1,current_run_contact_chord_constraint_gate
52,2.125000,0.418009231,0.387593039,4.925116242,0.562070078,0.446436753,-0.332397498,0.611787019,-0.074585770,1.168413624,0.171082640,-0.107835748,-0.066902438,1468.604736328,1468.604736328,640.000000000,360.000000000,3.583054066,0.954294332,3.023421339,chair_twohand_endpoint_se3_contact_refined,1,current_run_contact_chord_constraint_gate
53,2.166667,0.443262616,0.390349724,4.943560117,0.578987836,0.437472596,-0.337591794,0.599518636,-0.030763859,1.161375688,0.149663868,-0.135383285,-0.036782802,1468.604736328,1468.604736328,640.000000000,360.000000000,3.608872652,0.941330892,3.105909596,chair_twohand_endpoint_se3_contact_refined,1,current_run_contact_chord_constraint_gate
54,2.208333,0.449063218,0.388788132,4.950520799,0.583910016,0.433338447,-0.339597799,0.596607256,-0.019016085,1.157591832,0.140391149,-0.144543046,-0.023448843,1468.604736328,1468.604736328,640.000000000,360.000000000,3.615740061,0.923295126,3.316202479,chair_twohand_endpoint_se3_contact_refined,1,current_run_contact_chord_constraint_gate
55,2.250000,0.450573647,0.387106208,4.953242705,0.585971236,0.430664599,-0.340594323,0.595954042,-0.014945425,1.154664495,0.134845700,-0.144887556,-0.012882814,1468.604736328,1468.604736328,640.000000000,360.000000000,3.624843836,0.928948901,3.298355758,chair_twohand_endpoint_se3_contact_refined,1,current_run_contact_chord_constraint_gate
56,2.291667,0.454117985,0.387600666,4.959372069,0.588960631,0.428184215,-0.343178964,0.593305867,-0.006504758,1.154719978,0.127251680,-0.149644678,0.010074138,1468.604736328,1468.604736328,640.000000000,360.000000000,3.637334824,0.899952531,3.144827872,chair_twohand_endpoint_se3_contact_refined,1,current_run_contact_chord_constraint_gate
57,2.333333,0.455034766,0.386606703,4.969467904,0.588884451,0.428730065,-0.346403248,0.591109486,-0.003332780,1.161037505,0.123313655,-0.151839857,0.023864183,1468.604736328,1468.604736328,640.000000000,360.000000000,3.580372334,0.923219352,2.904112845,chair_twohand_endpoint_se3_contact_refined,1,current_run_contact_chord_constraint_gate
58,2.375000,0.449191401,0.387014368,4.980321534,0.588685734,0.430120325,-0.346111704,0.590467866,-0.002669948,1.162932927,0.125859779,-0.142672220,0.044708361,1468.604736328,1468.604736328,640.000000000,360.000000000,3.660275459,0.933659848,3.102746407,chair_twohand_endpoint_se3_contact_refined,1,current_run_contact_chord_constraint_gate
59,2.416667,0.433834914,0.387562959,4.982959317,0.584472867,0.433139222,-0.342760699,0.594387908,-0.014855599,1.162522374,0.135413154,-0.118328257,0.039207685,1468.604736328,1468.604736328,640.000000000,360.000000000,3.716664076,0.950920721,3.110114467,chair_twohand_endpoint_se3_contact_refined,1,current_run_contact_chord_constraint_gate
60,2.458333,0.435712250,0.394054230,4.985050738,0.586149976,0.433045470,-0.346638328,0.590543560,-0.006586507,1.168839288,0.129534643,-0.116445981,0.050800492,1468.604736328,1468.604736328,640.000000000,360.000000000,3.736845255,0.962406058,3.095250365,chair_twohand_endpoint_se3_contact_refined,1,current_run_contact_chord_constraint_gate
61,2.500000,0.437795710,0.401738990,4.989650394,0.588342327,0.431297197,-0.353125549,0.585780148,0.003843541,1.176717568,0.117265787,-0.120517979,0.058369947,1468.604736328,1468.604736328,640.000000000,360.000000000,3.708066702,0.960783987,3.201279055,chair_twohand_endpoint_se3_contact_refined,1,current_run_contact_chord_constraint_gate
62,2.541667,0.440842429,0.410007908,4.993210651,0.590365425,0.429595664,-0.360720084,0.580342357,0.015048828,1.186595346,0.103411128,-0.121461712,0.075478704,1468.604736328,1468.604736328,640.000000000,360.000000000,3.726989269,0.954839136,2.844066336,chair_twohand_endpoint_se3_contact_refined,1,current_run_contact_chord_constraint_gate
63,2.583333,0.449647822,0.419662257,4.989427519,0.595244882,0.424479984,-0.372093032,0.571880275,0.035112327,1.197089799,0.078727104,-0.142798975,0.094345865,1468.604736328,1468.604736328,640.000000000,360.000000000,3.726837635,0.958266829,4.521830144,chair_twohand_endpoint_se3_contact_refined,1,current_run_contact_chord_constraint_gate
64,2.625000,0.464997287,0.428468847,4.995232535,0.604646421,0.417453606,-0.383855216,0.559276646,0.068237788,1.205197554,0.050533198,-0.181970637,0.119759805,1468.604736328,1468.604736328,640.000000000,360.000000000,3.691003084,0.956113086,3.029262581,chair_twohand_endpoint_se3_contact_refined,1,current_run_contact_chord_constraint_gate
65,2.666667,0.483197811,0.437345411,5.000012694,0.615512237,0.409212940,-0.397069461,0.544082071,0.107553237,1.214028854,0.018284578,-0.237648062,0.152601262,1468.604736328,1468.604736328,640.000000000,360.000000000,3.697474241,0.952316712,2.977405499,chair_twohand_endpoint_se3_contact_refined,1,current_run_contact_chord_constraint_gate
66,2.708333,0.479322251,0.441357308,4.996256773,0.617975478,0.406843906,-0.404172401,0.537800163,0.120839709,1.222358455,0.004026474,-0.248039749,0.152740752,1468.604736328,1468.604736328,640.000000000,360.000000000,3.782247782,0.943437621,2.775393440,chair_twohand_endpoint_se3_contact_refined,1,current_run_contact_chord_constraint_gate
67,2.750000,0.460040710,0.443043588,4.978485711,0.613651133,0.408369175,-0.407781152,0.538870518,0.112803480,1.231129167,0.000887009,-0.227574199,0.139633934,1468.604736328,1468.604736328,640.000000000,360.000000000,3.791402817,0.950793041,2.946954354,chair_twohand_endpoint_se3_contact_refined,1,current_run_contact_chord_constraint_gate
68,2.791667,0.435860433,0.442703634,4.966167190,0.609014433,0.411478604,-0.410631829,0.539600111,0.104814348,1.241371617,0.001278616,-0.204165569,0.125817217,1468.604736328,1468.604736328,640.000000000,360.000000000,3.771160603,0.949144021,2.986593218,chair_twohand_endpoint_se3_contact_refined,1,current_run_contact_chord_constraint_gate
69,2.833333,0.399164891,0.441310484,4.943309991,0.599995777,0.420091077,-0.410087140,0.543467655,0.085470230,1.255225195,0.015125901,-0.136232465,0.100682470,1468.604736328,1468.604736328,640.000000000,360.000000000,3.695470333,0.952599762,2.993645365,chair_twohand_endpoint_se3_contact_refined,1,current_run_contact_chord_constraint_gate
70,2.875000,0.381422003,0.440743014,4.944308103,0.600164190,0.424346999,-0.411311581,0.539031867,0.092534018,1.264909342,0.019731291,-0.096886177,0.103255365,1468.604736328,1468.604736328,640.000000000,360.000000000,3.760914326,0.957047692,3.001259288,chair_twohand_endpoint_se3_contact_refined,1,current_run_contact_chord_constraint_gate
71,2.916667,0.357078930,0.441798702,4.937322660,0.596663055,0.430232626,-0.411961271,0.537755519,0.089277062,1.276383305,0.027691073,-0.092334786,0.104525523,1468.604736328,1468.604736328,640.000000000,360.000000000,3.698851585,0.964981564,3.363027077,chair_twohand_endpoint_se3_contact_refined,1,current_run_contact_chord_constraint_gate
72,2.958333,0.341167558,0.443302163,4.941668891,0.595825853,0.433137316,-0.414061015,0.534730861,0.092685249,1.285257366,0.028940043,-0.119544510,0.114210749,1468.604736328,1468.604736328,640.000000000,360.000000000,3.800944328,0.956639905,3.233620020,chair_twohand_endpoint_se3_contact_refined,1,current_run_contact_chord_constraint_gate
73,3.000000,0.337037375,0.447395696,4.957694667,0.601383118,0.428690502,-0.424088928,0.524129164,0.117353528,1.295424626,0.006990076,-0.167750910,0.155380446,1468.604736328,1468.604736328,640.000000000,360.000000000,3.706852436,0.953142022,2.876455273,chair_twohand_endpoint_se3_contact_refined,1,current_run_contact_chord_constraint_gate
74,3.041667,0.312959651,0.446474615,4.963155664,0.597202832,0.433058955,-0.423380741,0.525887314,0.108401113,1.301806668,0.014711093,-0.184139135,0.144794226,1468.604736328,1468.604736328,640.000000000,360.000000000,3.621347904,0.962487286,4.464853818,chair_twohand_endpoint_se3_contact_refined,1,current_run_contact_chord_constraint_gate
75,3.083333,0.287259466,0.447272279,4.961984695,0.591817226,0.437669241,-0.421633847,0.529549720,0.094690509,1.306746513,0.024385104,-0.180251541,0.130585634,1468.604736328,1468.604736328,640.000000000,360.000000000,3.620799541,0.961635352,3.061579609,chair_twohand_endpoint_se3_contact_refined,1,current_run_contact_chord_constraint_gate
76,3.125000,0.245720928,0.444369927,4.960606547,0.584608576,0.446858948,-0.411051247,0.538132666,0.070650809,1.304160552,0.054433426,-0.158069863,0.084328889,1468.604736328,1468.604736328,640.000000000,360.000000000,3.660567045,0.963651138,5.377439856,chair_twohand_endpoint_se3_contact_refined,1,current_run_contact_chord_constraint_gate
77,3.166667,0.238495375,0.447798510,4.965157098,0.588345796,0.443625725,-0.410510565,0.537146644,0.077775076,1.297492490,0.050304233,-0.113857851,0.097103216,1468.604736328,1468.604736328,640.000000000,360.000000000,3.599556446,0.964462546,3.347573402,chair_twohand_endpoint_se3_contact_refined,1,current_run_contact_chord_constraint_gate
78,3.208333,0.243125248,0.453427146,4.978295062,0.600036163,0.437458703,-0.410288592,0.529386208,0.107212415,1.286469819,0.041231070,-0.116498645,0.134111520,1468.604736328,1468.604736328,640.000000000,360.000000000,3.598137140,0.959924652,3.567388095,chair_twohand_endpoint_se3_contact_refined,1,current_run_contact_chord_constraint_gate
79,3.250000,0.232414352,0.455656472,4.976714242,0.605526511,0.434997835,-0.405276953,0.529022796,0.115940937,1.273431564,0.045041824,-0.146034660,0.139602328,1468.604736328,1468.604736328,640.000000000,360.000000000,3.643495083,0.952773396,3.285762023,chair_twohand_endpoint_se3_contact_refined,1,current_run_contact_chord_constraint_gate
80,3.291667,0.228314812,0.460828162,4.975106099,0.612693428,0.428470665,-0.404709714,0.526526067,0.130427952,1.261150505,0.035965963,-0.179025014,0.159848880,1468.604736328,1468.604736328,640.000000000,360.000000000,3.674847603,0.959199704,3.359737470,chair_twohand_endpoint_se3_contact_refined,1,current_run_contact_chord_constraint_gate
81,3.333333,0.216968864,0.466217744,4.968682726,0.614352078,0.425285015,-0.405400774,0.526644465,0.132698226,1.256795461,0.030084087,-0.201965890,0.171121098,1468.604736328,1468.604736328,640.000000000,360.000000000,3.688363075,0.968624806,4.792361249,chair_twohand_endpoint_se3_contact_refined,1,current_run_contact_chord_constraint_gate
82,3.375000,0.194225816,0.469630803,4.964362414,0.612439631,0.424058919,-0.402817075,0.531817766,0.121874793,1.249975310,0.032110958,-0.201961723,0.162742552,1468.604736328,1468.604736328,640.000000000,360.000000000,3.651332855,0.967764216,3.604183676,chair_twohand_endpoint_se3_contact_refined,1,current_run_contact_chord_constraint_gate
83,3.416667,0.158301296,0.471531843,4.956882822,0.605455299,0.427439816,-0.396695707,0.541619425,0.096429370,1.244924893,0.046441520,-0.180736183,0.132974929,1468.604736328,1468.604736328,640.000000000,360.000000000,3.603363037,0.968635603,4.104275103,chair_twohand_endpoint_se3_contact_refined,1,current_run_contact_chord_constraint_gate
84,3.458333,0.117351257,0.471779472,4.949715488,0.596902546,0.431870900,-0.388632220,0.553317155,0.065785851,1.238430934,0.065262543,-0.163446766,0.095750680,1468.604736328,1468.604736328,640.000000000,360.000000000,3.591600895,0.966880375,3.474431630,chair_twohand_endpoint_se3_contact_refined,1,current_run_contact_chord_constraint_gate
85,3.500000,0.118871153,0.476007231,4.958878791,0.604673240,0.426561255,-0.394474907,0.544798418,0.090389859,1.239474958,0.048439066,-0.159728962,0.125086276,1468.604736328,1468.604736328,640.000000000,360.000000000,3.539790869,0.966007905,3.315458089,chair_twohand_endpoint_se3_contact_refined,1,current_run_contact_chord_constraint_gate
86,3.541667,0.104398445,0.479492302,4.961098514,0.605221103,0.425242009,-0.396386576,0.543833001,0.092684376,1.240503128,0.043566224,-0.170848633,0.130871598,1468.604736328,1468.604736328,640.000000000,360.000000000,3.493473768,0.967924129,3.824079699,chair_twohand_endpoint_se3_contact_refined,1,current_run_contact_chord_constraint_gate
87,3.583333,0.092055242,0.482024703,4.970350557,0.608919213,0.421070959,-0.398064532,0.541720654,0.101415512,1.236232545,0.034721111,-0.188474916,0.141839705,1468.604736328,1468.604736328,640.000000000,360.000000000,3.638788462,0.961324753,3.374123562,chair_twohand_endpoint_se3_contact_refined,1,current_run_contact_chord_constraint_gate
88,3.625000,0.082054336,0.482900650,4.978082350,0.613400165,0.418122930,-0.399738264,0.537701380,0.114230366,1.234162253,0.027742680,-0.209536010,0.151027208,1468.604736328,1468.604736328,640.000000000,360.000000000,3.635728598,0.961465017,3.909267915,chair_twohand_endpoint_se3_contact_refined,1,current_run_contact_chord_constraint_gate
89,3.666667,0.072100856,0.482152268,4.993102969,0.620199482,0.416200710,-0.400418904,0.530842984,0.134842072,1.232307490,0.023815296,-0.233165441,0.161243074,1468.604736328,1468.604736328,640.000000000,360.000000000,3.705882788,0.953009836,5.038549362,chair_twohand_endpoint_se3_contact_refined,1,current_run_contact_chord_constraint_gate
90,3.708333,0.052760152,0.480981739,5.007175403,0.623909589,0.416572406,-0.397009240,0.528760738,0.143522618,1.227207334,0.029509097,-0.231864052,0.159334076,1468.604736328,1468.604736328,640.000000000,360.000000000,3.656412125,0.960909795,3.422744966,chair_twohand_endpoint_se3_contact_refined,1,current_run_contact_chord_constraint_gate
91,3.750000,0.027353202,0.483118109,5.005061352,0.623037797,0.416356097,-0.394233660,0.532025681,0.137198050,1.221939870,0.033348914,-0.212013261,0.157383669,1468.604736328,1468.604736328,640.000000000,360.000000000,3.617028952,0.956974280,3.323605387,chair_twohand_endpoint_se3_contact_refined,1,current_run_contact_chord_constraint_gate
92,3.791667,0.001936951,0.484424103,5.005410437,0.622381776,0.415293372,-0.390377686,0.536449068,0.129415317,1.213346795,0.037523214,-0.200061840,0.151061667,1468.604736328,1468.604736328,640.000000000,360.000000000,3.583631277,0.952011965,4.200107583,chair_twohand_endpoint_se3_contact_refined,1,current_run_contact_chord_constraint_gate
93,3.833333,-0.020593686,0.488224819,5.005768012,0.625098029,0.412994093,-0.385985926,0.538240837,0.130655986,1.201875398,0.040627363,-0.205418575,0.161104458,1468.604736328,1468.604736328,640.000000000,360.000000000,3.553650856,0.953905680,4.569622614,chair_twohand_endpoint_se3_contact_refined,1,current_run_contact_chord_constraint_gate
94,3.875000,-0.050313687,0.489844839,4.998013831,0.622289641,0.413238740,-0.381541644,0.544440374,0.117003733,1.194516995,0.047639223,-0.203020721,0.144531863,1468.604736328,1468.604736328,640.000000000,360.000000000,3.617772341,0.959309165,3.251119777,chair_twohand_endpoint_se3_contact_refined,1,current_run_contact_chord_constraint_gate
95,3.916667,-0.078340034,0.491856031,4.990543244,0.620012301,0.413323480,-0.377250657,0.549936714,0.105233313,1.187214241,0.054170971,-0.205262921,0.140362147,1468.604736328,1468.604736328,640.000000000,360.000000000,3.717695475,0.942593888,3.149230805,chair_twohand_endpoint_se3_contact_refined,1,current_run_contact_chord_constraint_gate
96,3.958333,-0.095804651,0.495585447,4.992676713,0.622582989,0.411593977,-0.374883754,0.549948171,0.109004373,1.180281211,0.055091689,-0.116447609,0.158320024,1468.604736328,1468.604736328,640.000000000,360.000000000,3.717530012,0.949894629,4.068150153,chair_twohand_endpoint_se3_contact_refined,1,current_run_contact_chord_constraint_gate
97,4.000000,-0.114750200,0.499902475,4.994546168,0.624783547,0.409245020,-0.371259830,0.551661284,0.109625994,1.170144588,0.056947967,0.012584950,0.177999521,1468.604736328,1468.604736328,640.000000000,360.000000000,3.736232042,0.944980899,4.826046986,chair_twohand_endpoint_se3_contact_refined,1,current_run_contact_chord_constraint_gate
98,4.041667,-0.128463289,0.504733044,5.002659836,0.630196940,0.406505951,-0.366686285,0.550586866,0.119220307,1.157896378,0.059632061,0.076093066,0.202288652,1468.604736328,1468.604736328,640.000000000,360.000000000,3.698678732,0.956450133,2.940188429,chair_twohand_endpoint_se3_contact_refined,1,current_run_contact_chord_constraint_gate
99,4.083333,-0.140501447,0.510411893,5.008728126,0.634871963,0.403737032,-0.364847569,0.548470830,0.129305769,1.150244446,0.058200995,0.043445526,0.214868231,1468.604736328,1468.604736328,640.000000000,360.000000000,3.697481155,0.958856205,2.946369337,chair_twohand_endpoint_se3_contact_refined,1,current_run_contact_chord_constraint_gate
100,4.125000,-0.155431536,0.515552405,5.009929966,0.637003225,0.400829312,-0.363721836,0.548879932,0.131797679,1.143466876,0.055498143,-0.030636750,0.190620017,1468.604736328,1468.604736328,640.000000000,360.000000000,3.719937086,0.957156509,2.822483029,chair_twohand_endpoint_se3_contact_refined,1,current_run_contact_chord_constraint_gate
101,4.166667,-0.159419796,0.518924730,5.019815697,0.642306404,0.397400952,-0.366298523,0.543452260,0.147851492,1.142229364,0.046518440,-0.025703576,0.197519782,1468.604736328,1468.604736328,640.000000000,360.000000000,3.755224705,0.950314021,2.833699096,chair_twohand_endpoint_se3_contact_refined,1,current_run_contact_chord_constraint_gate
102,4.208333,-0.183544524,0.525057890,5.014607750,0.639523657,0.398990056,-0.363159048,0.547660418,0.137345610,1.139496432,0.053571284,0.088514504,0.208228761,1468.604736328,1468.604736328,640.000000000,360.000000000,3.675729752,0.946601020,2.823630371,chair_twohand_endpoint_se3_contact_refined,1,current_run_contact_chord_constraint_gate
103,4.250000,-0.192952045,0.532027318,5.015269588,0.643835705,0.397981492,-0.361656224,0.544326274,0.148740438,1.135458674,0.054296726,0.057128405,0.225059963,1468.604736328,1468.604736328,640.000000000,360.000000000,3.698147058,0.949166634,2.900597488,chair_twohand_endpoint_se3_contact_refined,1,current_run_contact_chord_constraint_gate
104,4.291667,-0.209199463,0.539993036,5.014800704,0.644340063,0.397446518,-0.360167794,0.545106694,0.148279268,1.132063711,0.055703660,0.055460652,0.228990661,1468.604736328,1468.604736328,640.000000000,360.000000000,3.642466068,0.948360225,2.862761260,chair_twohand_endpoint_se3_contact_refined,1,current_run_contact_chord_constraint_gate
105,4.333333,-0.225661828,0.546645121,5.022135755,0.645220510,0.398725065,-0.358866636,0.543988560,0.151274801,1.132098444,0.059561985,0.043266600,0.231590634,1468.604736328,1468.604736328,640.000000000,360.000000000,3.671686172,0.949349373,2.832161436,chair_twohand_endpoint_se3_contact_refined,1,current_run_contact_chord_constraint_gate
106,4.375000,-0.240786569,0.553202857,5.035234908,0.647439849,0.400443880,-0.356940497,0.541350000,0.158551074,1.131909477,0.065015721,0.028575907,0.233133385,1468.604736328,1468.604736328,640.000000000,360.000000000,3.693343401,0.943667267,2.889541158,chair_twohand_endpoint_se3_contact_refined,1,current_run_contact_chord_constraint_gate
107,4.416667,-0.261297835,0.561473428,5.030338824,0.646937714,0.401605388,-0.354018063,0.543006370,0.155279545,1.128945904,0.071098264,0.008982211,0.220831140,1468.604736328,1468.604736328,640.000000000,360.000000000,3.686512470,0.944531458,2.884435889,chair_twohand_endpoint_se3_contact_refined,1,current_run_contact_chord_constraint_gate
108,4.458333,-0.275078974,0.570578549,5.027486023,0.648199518,0.401721723,-0.354210819,0.541287112,0.159752032,1.129539260,0.070992355,-0.019861282,0.205737740,1468.604736328,1468.604736328,640.000000000,360.000000000,3.643921852,0.947938750,2.887946937,chair_twohand_endpoint_se3_contact_refined,1,current_run_contact_chord_constraint_gate
109,4.500000,-0.284050847,0.581611328,5.020209863,0.649387585,0.400437060,-0.357893098,0.538385045,0.165936073,1.133616662,0.063598347,-0.040761909,0.192768177,1468.604736328,1468.604736328,640.000000000,360.000000000,3.690857887,0.953876500,2.940725601,chair_twohand_endpoint_se3_contact_refined,1,current_run_contact_chord_constraint_gate
110,4.541667,-0.309834110,0.591561433,5.009656173,0.644669044,0.404700873,-0.356042463,0.542081905,0.153395948,1.137520218,0.072757687,-0.032402644,0.155958619,1468.604736328,1468.604736328,640.000000000,360.000000000,3.689168692,0.954903439,2.878488672,chair_twohand_endpoint_se3_contact_refined,1,current_run_contact_chord_constraint_gate
111,4.583333,-0.336066676,0.601387108,5.001243444,0.640355860,0.408320046,-0.354286072,0.545619365,0.141685094,1.140531105,0.080811609,-0.003767563,0.121536454,1468.604736328,1468.604736328,640.000000000,360.000000000,3.737858057,0.954012680,2.920742108,chair_twohand_endpoint_se3_contact_refined,1,current_run_contact_chord_constraint_gate
112,4.625000,-0.361174814,0.613235659,4.990541265,0.637500354,0.409626178,-0.351948334,0.549483451,0.131601631,1.138695472,0.086239099,-0.000725266,0.092011878,1468.604736328,1468.604736328,640.000000000,360.000000000,3.668900013,0.953682053,2.876353962,chair_twohand_endpoint_se3_contact_refined,1,current_run_contact_chord_constraint_gate
113,4.666667,-0.379658142,0.623775032,4.981621530,0.635918497,0.411314506,-0.353729217,0.548911362,0.130163305,1.144510954,0.086148010,0.009213362,0.072186457,1468.604736328,1468.604736328,640.000000000,360.000000000,3.729392290,0.945257828,2.782281236,chair_twohand_endpoint_se3_contact_refined,1,current_run_contact_chord_constraint_gate
114,4.708333,-0.388708578,0.634616700,4.979452848,0.639083350,0.408684252,-0.357948078,0.544447267,0.141623201,1.147267736,0.075926847,0.018192873,0.078462806,1468.604736328,1468.604736328,640.000000000,360.000000000,3.696798563,0.945814641,2.609496568,chair_twohand_endpoint_se3_contact_refined,1,current_run_contact_chord_constraint_gate
115,4.750000,-0.394096143,0.647280024,4.975527280,0.644491068,0.406056270,-0.362319140,0.537098138,0.160793529,1.150446261,0.065485200,0.016759132,0.102861084,1468.604736328,1468.604736328,640.000000000,360.000000000,3.671612024,0.956729518,2.651755186,chair_twohand_endpoint_se3_contact_refined,1,current_run_contact_chord_constraint_gate
116,4.791667,-0.397782151,0.658579509,4.975859340,0.650764658,0.400776661,-0.367634341,0.529838106,0.181102299,1.150789446,0.049634677,0.000596146,0.120662406,1468.604736328,1468.604736328,640.000000000,360.000000000,3.610171795,0.949905879,2.598350600,chair_twohand_endpoint_se3_contact_refined,1,current_run_contact_chord_constraint_gate
117,4.833333,-0.403668394,0.672023897,4.965498016,0.654293031,0.396193499,-0.372644885,0.525420909,0.193045596,1.151691005,0.035274939,-0.009586600,0.147472245,1468.604736328,1468.604736328,640.000000000,360.000000000,3.597015381,0.946437820,2.421077413,chair_twohand_endpoint_se3_contact_refined,1,current_run_contact_chord_constraint_gate
118,4.875000,-0.411341383,0.684416392,4.957696180,0.658616423,0.390944606,-0.374941676,0.522307823,0.204122034,1.146914183,0.023964377,-0.046866081,0.168818478,1468.604736328,1468.604736328,640.000000000,360.000000000,3.590925932,0.947375595,2.562239969,chair_twohand_endpoint_se3_contact_refined,1,current_run_contact_chord_constraint_gate
119,4.916667,-0.422102775,0.695505642,4.957257566,0.661154830,0.388817918,-0.376201670,0.519776125,0.211714151,1.145614345,0.018892790,-0.081498847,0.181886227,1468.604736328,1468.604736328,640.000000000,360.000000000,3.609478712,0.950078975,2.553198645,chair_twohand_endpoint_se3_contact_refined,1,current_run_contact_chord_constraint_gate
120,4.958333,-0.200262275,0.665537505,5.056425637,0.741250246,0.317216596,-0.438505381,0.397032410,0.521154841,1.144182915,-0.183634405,-0.516700390,0.440692517,1468.604736328,1468.604736328,640.000000000,360.000000000,3.582860947,0.950315203,2.530138387,chair_twohand_endpoint_se3_contact_refined,1,current_run_contact_chord_constraint_gate
121,5.000000,-0.444271162,0.719205894,4.954832012,0.662965224,0.384701141,-0.381016161,0.517019177,0.218606586,1.146936478,0.005519580,-0.144294352,0.218200909,1468.604736328,1468.604736328,640.000000000,360.000000000,3.510902643,0.949619666,2.521180802,chair_twohand_endpoint_se3_contact_refined,1,current_run_contact_chord_constraint_gate
122,5.041667,-0.460816261,0.731660393,4.954958737,0.662053317,0.382019723,-0.379253293,0.521453043,0.210410063,1.139254556,0.004139997,-0.170950996,0.215239029,1468.604736328,1468.604736328,640.000000000,360.000000000,3.471771002,0.950115932,2.513613962,chair_twohand_endpoint_se3_contact_refined,1,current_run_contact_chord_constraint_gate
123,5.083333,-0.236622654,0.699427649,5.065047050,0.744471540,0.306271206,-0.436187223,0.402120357,0.517214359,1.121684924,-0.196273396,-0.596879797,0.443857094,1468.604736328,1468.604736328,640.000000000,360.000000000,3.454457760,0.940438663,2.515266284,chair_twohand_endpoint_se3_contact_refined,1,current_run_contact_chord_constraint_gate
124,5.125000,-0.492446676,0.756637994,4.946161549,0.662244185,0.372216764,-0.369040375,0.535440493,0.189079707,1.105304431,0.004736382,-0.198955413,0.193796680,1468.604736328,1468.604736328,640.000000000,360.000000000,3.428488255,0.941730556,2.484323805,chair_twohand_endpoint_se3_contact_refined,1,current_run_contact_chord_constraint_gate
125,5.166667,-0.494218069,0.770991939,4.945449654,0.670789391,0.360513801,-0.363473772,0.536617376,0.199574401,1.076896599,-0.004402815,-0.217251232,0.217913582,1468.604736328,1468.604736328,640.000000000,360.000000000,3.397241831,0.940122661,2.435094029,chair_twohand_endpoint_se3_contact_refined,1,current_run_contact_chord_constraint_gate
126,5.208333,-0.493568965,0.784628781,4.938713865,0.678633421,0.349743820,-0.359364174,0.536650101,0.210773460,1.052666928,-0.014281362,-0.156765559,0.238653767,1468.604736328,1468.604736328,640.000000000,360.000000000,3.418241739,0.950196161,2.383964831,chair_twohand_endpoint_se3_contact_refined,1,current_run_contact_chord_constraint_gate
127,5.250000,-0.510637002,0.796524760,4.925538722,0.680561193,0.344309003,-0.348557704,0.544789225,0.201042376,1.025952340,-0.006291202,-0.082850992,0.232297708,1468.604736328,1468.604736328,640.000000000,360.000000000,3.369451523,0.954887886,2.575967935,chair_twohand_endpoint_se3_contact_refined,1,current_run_contact_chord_constraint_gate
128,5.291667,-0.538353698,0.807880832,4.908309018,0.676818200,0.341994184,-0.336344013,0.558417234,0.174886117,1.001950720,0.008345679,0.018909957,0.214189252,1468.604736328,1468.604736328,640.000000000,360.000000000,3.337446690,0.954126526,2.149725804,chair_twohand_endpoint_se3_contact_refined,1,current_run_contact_chord_constraint_gate
129,5.333333,-0.555751068,0.816978784,4.901397725,0.679062535,0.336835073,-0.326508152,0.564631413,0.168665126,0.977731118,0.015221309,0.052227763,0.199100497,1468.604736328,1468.604736328,640.000000000,360.000000000,3.362807274,0.937120608,2.458419387,chair_twohand_endpoint_se3_contact_refined,1,current_run_contact_chord_constraint_gate
130,5.375000,-0.570375965,0.825809470,4.895083255,0.681294443,0.331788924,-0.317463061,0.570062450,0.163636692,0.955133903,0.021075204,0.373701079,0.176207525,1468.604736328,1468.604736328,640.000000000,360.000000000,3.346375465,0.947215490,2.403474912,chair_twohand_endpoint_se3_contact_refined,1,current_run_contact_chord_constraint_gate
131,5.416667,-0.583537472,0.833932826,4.887730307,0.682538236,0.328099226,-0.309643112,0.574990085,0.157974490,0.936761992,0.027109672,0.332658797,0.153222490,1468.604736328,1468.604736328,640.000000000,360.000000000,3.296802998,0.941630437,2.501002590,chair_twohand_endpoint_se3_contact_refined,1,current_run_contact_chord_constraint_gate
132,5.458333,-0.584190515,0.841733063,4.890330028,0.688641645,0.322186405,-0.305723460,0.573150741,0.169461795,0.921342974,0.024156362,-0.086642123,0.157273566,1468.604736328,1468.604736328,640.000000000,360.000000000,3.292083502,0.939884742,2.474410537,chair_twohand_endpoint_se3_contact_refined,1,current_run_contact_chord_constraint_gate
133,5.500000,-0.583060478,0.848907856,4.895604114,0.694889614,0.317301892,-0.303317127,0.569602190,0.183713323,0.910035331,0.020506349,-0.235533592,0.184497400,1468.604736328,1468.604736328,640.000000000,360.000000000,3.255225182,0.936295940,2.407871507,chair_twohand_endpoint_se3_contact_refined,1,current_run_contact_chord_constraint_gate
134,5.541667,-0.575886739,0.855459343,4.903347348,0.701709533,0.311736917,-0.304043365,0.563898447,0.202021293,0.902690287,0.011278202,-0.441870255,0.212374575,1468.604736328,1468.604736328,640.000000000,360.000000000,3.195855379,0.948012460,2.355140482,chair_twohand_endpoint_se3_contact_refined,1,current_run_contact_chord_constraint_gate
135,5.583333,-0.566731753,0.859983743,4.915002830,0.709954907,0.305513792,-0.304612513,0.556629652,0.224709572,0.894185508,0.001320891,-0.727241946,0.239086143,1468.604736328,1468.604736328,640.000000000,360.000000000,3.257023096,0.944269212,2.383956962,chair_twohand_endpoint_se3_contact_refined,1,current_run_contact_chord_constraint_gate
136,5.625000,-0.557521838,0.864475320,4.926301216,0.717020174,0.299844203,-0.306051685,0.549825326,0.245020650,0.887928105,-0.009096938,-0.930290363,0.265583145,1468.604736328,1468.604736328,640.000000000,360.000000000,3.276840210,0.941254398,2.421626606,chair_twohand_endpoint_se3_contact_refined,1,current_run_contact_chord_constraint_gate
137,5.666667,-0.552476856,0.868648241,4.929857470,0.721183911,0.296183604,-0.307284888,0.545660185,0.257226541,0.884371113,-0.016268712,-1.012229616,0.288258981,1468.604736328,1468.604736328,640.000000000,360.000000000,3.276671886,0.942864503,2.472545704,chair_twohand_endpoint_se3_contact_refined,1,current_run_contact_chord_constraint_gate
138,5.708333,-0.560286446,0.873627730,4.922670196,0.718848899,0.295568878,-0.304632655,0.550539957,0.246498016,0.879029273,-0.013274417,-0.930368751,0.285381130,1468.604736328,1468.604736328,640.000000000,360.000000000,3.253205776,0.942077261,2.419177270,chair_twohand_endpoint_se3_contact_refined,1,current_run_contact_chord_constraint_gate
139,5.750000,-0.563161368,0.876999703,4.922306965,0.718161707,0.294731218,-0.304654169,0.551872368,0.243501300,0.877693795,-0.014530406,-0.938780358,0.277629182,1468.604736328,1468.604736328,640.000000000,360.000000000,3.264358759,0.938189156,2.408898830,chair_twohand_endpoint_se3_contact_refined,1,current_run_contact_chord_constraint_gate
140,5.791667,-0.565447861,0.880152965,4.920705938,0.717160608,0.293799400,-0.304682706,0.553652439,0.239382619,0.876202180,-0.015933603,-0.932444745,0.268988886,1468.604736328,1468.604736328,640.000000000,360.000000000,3.258782864,0.940091052,2.349800829,chair_twohand_endpoint_se3_contact_refined,1,current_run_contact_chord_constraint_gate
141,5.833333,-0.575436262,0.883305114,4.908719188,0.712392964,0.295120704,-0.301862640,0.560605905,0.222102328,0.873535542,-0.009865134,-0.921113074,0.253312201,1468.604736328,1468.604736328,640.000000000,360.000000000,3.232751369,0.942034073,2.471159354,chair_twohand_endpoint_se3_contact_refined,1,current_run_contact_chord_constraint_gate
142,5.875000,-0.579595242,0.885761679,4.903637185,0.711011677,0.294617358,-0.301310670,0.562916413,0.216650541,0.871791073,-0.009791735,-0.906045710,0.247517983,1468.604736328,1468.604736328,640.000000000,360.000000000,3.198966026,0.944583136,2.423247219,chair_twohand_endpoint_se3_contact_refined,1,current_run_contact_chord_constraint_gate
143,5.916667,-0.584150314,0.888032451,4.899666845,0.709183257,0.294749958,-0.300746662,0.565449393,0.210233581,0.871008288,-0.008771132,-0.893688911,0.240165683,1468.604736328,1468.604736328,640.000000000,360.000000000,3.183644295,0.943920079,2.491234389,chair_twohand_endpoint_se3_contact_refined,1,current_run_contact_chord_constraint_gate
144,5.958333,-0.587272035,0.890342426,4.895769866,0.707954555,0.294790973,-0.300425895,0.567135709,0.205946617,0.870500674,-0.008241035,-0.885504111,0.235351421,1468.604736328,1468.604736328,640.000000000,360.000000000,3.188297987,0.941037796,3.936063882,chair_twohand_endpoint_se3_contact_refined,1,current_run_contact_chord_constraint_gate
145,6.000000,-0.587272035,0.890342426,4.895769866,0.707954555,0.294790973,-0.300425895,0.567135709,0.205946617,0.870500674,-0.008241035,-0.885504111,0.235351421,1468.604736328,1468.604736328,640.000000000,360.000000000,3.173796892,0.939511108,2.337744437,chair_twohand_endpoint_se3_boundary_freeze_suffix,1,current_run_contact_chord_constraint_gate
146,6.041667,-0.587272035,0.890342426,4.895769866,0.707954555,0.294790973,-0.300425895,0.567135709,0.205946617,0.870500674,-0.008241035,-0.885504111,0.235351421,1468.604736328,1468.604736328,640.000000000,360.000000000,3.187538385,0.941390398,2.336118623,chair_twohand_endpoint_se3_boundary_freeze_suffix,1,current_run_contact_chord_constraint_gate
147,6.083333,-0.587272035,0.890342426,4.895769866,0.707954555,0.294790973,-0.300425895,0.567135709,0.205946617,0.870500674,-0.008241035,-0.885504111,0.235351421,1468.604736328,1468.604736328,640.000000000,360.000000000,3.210335732,0.942226281,2.392797543,chair_twohand_endpoint_se3_boundary_freeze_suffix,1,current_run_contact_chord_constraint_gate
148,6.125000,-0.587272035,0.890342426,4.895769866,0.707954555,0.294790973,-0.300425895,0.567135709,0.205946617,0.870500674,-0.008241035,-0.885504111,0.235351421,1468.604736328,1468.604736328,640.000000000,360.000000000,3.198116779,0.942607032,2.345439453,chair_twohand_endpoint_se3_boundary_freeze_suffix,1,current_run_contact_chord_constraint_gate
149,6.166667,-0.587272035,0.890342426,4.895769866,0.707954555,0.294790973,-0.300425895,0.567135709,0.205946617,0.870500674,-0.008241035,-0.885504111,0.235351421,1468.604736328,1468.604736328,640.000000000,360.000000000,3.198770046,0.939373353,2.387865291,chair_twohand_endpoint_se3_boundary_freeze_suffix,1,current_run_contact_chord_constraint_gate
150,6.208333,-0.587272035,0.890342426,4.895769866,0.707954555,0.294790973,-0.300425895,0.567135709,0.205946617,0.870500674,-0.008241035,-0.885504111,0.235351421,1468.604736328,1468.604736328,640.000000000,360.000000000,3.202157021,0.938119794,2.382250997,chair_twohand_endpoint_se3_boundary_freeze_suffix,1,current_run_contact_chord_constraint_gate
151,6.250000,-0.587272035,0.890342426,4.895769866,0.707954555,0.294790973,-0.300425895,0.567135709,0.205946617,0.870500674,-0.008241035,-0.885504111,0.235351421,1468.604736328,1468.604736328,640.000000000,360.000000000,3.197524786,0.938486656,2.379499308,chair_twohand_endpoint_se3_boundary_freeze_suffix,1,current_run_contact_chord_constraint_gate
152,6.291667,-0.587272035,0.890342426,4.895769866,0.707954555,0.294790973,-0.300425895,0.567135709,0.205946617,0.870500674,-0.008241035,-0.885504111,0.235351421,1468.604736328,1468.604736328,640.000000000,360.000000000,3.197932720,0.938015829,2.506138814,chair_twohand_endpoint_se3_boundary_freeze_suffix,1,current_run_contact_chord_constraint_gate
153,6.333333,-0.587272035,0.890342426,4.895769866,0.707954555,0.294790973,-0.300425895,0.567135709,0.205946617,0.870500674,-0.008241035,-0.885504111,0.235351421,1468.604736328,1468.604736328,640.000000000,360.000000000,3.187913656,0.937490487,2.329544694,chair_twohand_endpoint_se3_boundary_freeze_suffix,1,current_run_contact_chord_constraint_gate
154,6.375000,-0.587272035,0.890342426,4.895769866,0.707954555,0.294790973,-0.300425895,0.567135709,0.205946617,0.870500674,-0.008241035,-0.885504111,0.235351421,1468.604736328,1468.604736328,640.000000000,360.000000000,3.194262743,0.937261312,2.122788648,chair_twohand_endpoint_se3_boundary_freeze_suffix,1,current_run_contact_chord_constraint_gate
155,6.416667,-0.587272035,0.890342426,4.895769866,0.707954555,0.294790973,-0.300425895,0.567135709,0.205946617,0.870500674,-0.008241035,-0.885504111,0.235351421,1468.604736328,1468.604736328,640.000000000,360.000000000,3.195261955,0.937553976,2.379109177,chair_twohand_endpoint_se3_boundary_freeze_suffix,1,current_run_contact_chord_constraint_gate
156,6.458333,-0.587272035,0.890342426,4.895769866,0.707954555,0.294790973,-0.300425895,0.567135709,0.205946617,0.870500674,-0.008241035,-0.885504111,0.235351421,1468.604736328,1468.604736328,640.000000000,360.000000000,3.192234516,0.938276573,2.740037255,chair_twohand_endpoint_se3_boundary_freeze_suffix,1,current_run_contact_chord_constraint_gate
157,6.500000,-0.587272035,0.890342426,4.895769866,0.707954555,0.294790973,-0.300425895,0.567135709,0.205946617,0.870500674,-0.008241035,-0.885504111,0.235351421,1468.604736328,1468.604736328,640.000000000,360.000000000,3.201806068,0.938462980,3.510099743,chair_twohand_endpoint_se3_boundary_freeze_suffix,1,current_run_contact_chord_constraint_gate
158,6.541667,-0.587272035,0.890342426,4.895769866,0.707954555,0.294790973,-0.300425895,0.567135709,0.205946617,0.870500674,-0.008241035,-0.885504111,0.235351421,1468.604736328,1468.604736328,640.000000000,360.000000000,3.201966286,0.938551851,2.363949273,chair_twohand_endpoint_se3_boundary_freeze_suffix,1,current_run_contact_chord_constraint_gate
159,6.583333,-0.587272035,0.890342426,4.895769866,0.707954555,0.294790973,-0.300425895,0.567135709,0.205946617,0.870500674,-0.008241035,-0.885504111,0.235351421,1468.604736328,1468.604736328,640.000000000,360.000000000,3.219624758,0.939456892,2.022446139,chair_twohand_endpoint_se3_boundary_freeze_suffix,1,current_run_contact_chord_constraint_gate
160,6.625000,-0.587272035,0.890342426,4.895769866,0.707954555,0.294790973,-0.300425895,0.567135709,0.205946617,0.870500674,-0.008241035,-0.885504111,0.235351421,1468.604736328,1468.604736328,640.000000000,360.000000000,3.206418276,0.939717517,2.286395287,chair_twohand_endpoint_se3_boundary_freeze_suffix,1,current_run_contact_chord_constraint_gate
161,6.666667,-0.587272035,0.890342426,4.895769866,0.707954555,0.294790973,-0.300425895,0.567135709,0.205946617,0.870500674,-0.008241035,-0.885504111,0.235351421,1468.604736328,1468.604736328,640.000000000,360.000000000,3.205602884,0.937830347,2.267064285,chair_twohand_endpoint_se3_boundary_freeze_suffix,1,current_run_contact_chord_constraint_gate
162,6.708333,-0.587272035,0.890342426,4.895769866,0.707954555,0.294790973,-0.300425895,0.567135709,0.205946617,0.870500674,-0.008241035,-0.885504111,0.235351421,1468.604736328,1468.604736328,640.000000000,360.000000000,3.208799124,0.934656903,2.416957335,chair_twohand_endpoint_se3_boundary_freeze_suffix,1,current_run_contact_chord_constraint_gate
163,6.750000,-0.587272035,0.890342426,4.895769866,0.707954555,0.294790973,-0.300425895,0.567135709,0.205946617,0.870500674,-0.008241035,-0.885504111,0.235351421,1468.604736328,1468.604736328,640.000000000,360.000000000,3.216470003,0.932057125,2.387731919,chair_twohand_endpoint_se3_boundary_freeze_suffix,1,current_run_contact_chord_constraint_gate
164,6.791667,-0.587272035,0.890342426,4.895769866,0.707954555,0.294790973,-0.300425895,0.567135709,0.205946617,0.870500674,-0.008241035,-0.885504111,0.235351421,1468.604736328,1468.604736328,640.000000000,360.000000000,3.171209097,0.934903934,2.285935525,chair_twohand_endpoint_se3_boundary_freeze_suffix,1,current_run_contact_chord_constraint_gate
165,6.833333,-0.587272035,0.890342426,4.895769866,0.707954555,0.294790973,-0.300425895,0.567135709,0.205946617,0.870500674,-0.008241035,-0.885504111,0.235351421,1468.604736328,1468.604736328,640.000000000,360.000000000,3.175695658,0.933319642,2.381602871,chair_twohand_endpoint_se3_boundary_freeze_suffix,1,current_run_contact_chord_constraint_gate
166,6.875000,-0.587272035,0.890342426,4.895769866,0.707954555,0.294790973,-0.300425895,0.567135709,0.205946617,0.870500674,-0.008241035,-0.885504111,0.235351421,1468.604736328,1468.604736328,640.000000000,360.000000000,3.201254845,0.932199811,2.628692768,chair_twohand_endpoint_se3_boundary_freeze_suffix,1,current_run_contact_chord_constraint_gate
167,6.916667,-0.587272035,0.890342426,4.895769866,0.707954555,0.294790973,-0.300425895,0.567135709,0.205946617,0.870500674,-0.008241035,-0.885504111,0.235351421,1468.604736328,1468.604736328,640.000000000,360.000000000,3.183310747,0.932201375,2.292352061,chair_twohand_endpoint_se3_boundary_freeze_suffix,1,current_run_contact_chord_constraint_gate
168,6.958333,-0.587272035,0.890342426,4.895769866,0.707954555,0.294790973,-0.300425895,0.567135709,0.205946617,0.870500674,-0.008241035,-0.885504111,0.235351421,1468.604736328,1468.604736328,640.000000000,360.000000000,3.217852354,0.934700768,2.406259417,chair_twohand_endpoint_se3_boundary_freeze_suffix,1,current_run_contact_chord_constraint_gate
169,7.000000,-0.587272035,0.890342426,4.895769866,0.707954555,0.294790973,-0.300425895,0.567135709,0.205946617,0.870500674,-0.008241035,-0.885504111,0.235351421,1468.604736328,1468.604736328,640.000000000,360.000000000,3.254548073,0.933474404,2.414034350,chair_twohand_endpoint_se3_boundary_freeze_suffix,1,current_run_contact_chord_constraint_gate
170,7.041667,-0.587272035,0.890342426,4.895769866,0.707954555,0.294790973,-0.300425895,0.567135709,0.205946617,0.870500674,-0.008241035,-0.885504111,0.235351421,1468.604736328,1468.604736328,640.000000000,360.000000000,3.259294987,0.930027991,2.578019063,chair_twohand_endpoint_se3_boundary_freeze_suffix,1,current_run_contact_chord_constraint_gate
171,7.083333,-0.587272035,0.890342426,4.895769866,0.707954555,0.294790973,-0.300425895,0.567135709,0.205946617,0.870500674,-0.008241035,-0.885504111,0.235351421,1468.604736328,1468.604736328,640.000000000,360.000000000,3.265288591,0.934945518,2.494982068,chair_twohand_endpoint_se3_boundary_freeze_suffix,1,current_run_contact_chord_constraint_gate
172,7.125000,-0.587272035,0.890342426,4.895769866,0.707954555,0.294790973,-0.300425895,0.567135709,0.205946617,0.870500674,-0.008241035,-0.885504111,0.235351421,1468.604736328,1468.604736328,640.000000000,360.000000000,3.282101870,0.929049099,2.604121950,chair_twohand_endpoint_se3_boundary_freeze_suffix,1,current_run_contact_chord_constraint_gate
173,7.166667,-0.587272035,0.890342426,4.895769866,0.707954555,0.294790973,-0.300425895,0.567135709,0.205946617,0.870500674,-0.008241035,-0.885504111,0.235351421,1468.604736328,1468.604736328,640.000000000,360.000000000,3.284269094,0.928600632,2.373784977,chair_twohand_endpoint_se3_boundary_freeze_suffix,1,current_run_contact_chord_constraint_gate
174,7.208333,-0.587272035,0.890342426,4.895769866,0.707954555,0.294790973,-0.300425895,0.567135709,0.205946617,0.870500674,-0.008241035,-0.885504111,0.235351421,1468.604736328,1468.604736328,640.000000000,360.000000000,3.287386179,0.925921496,2.611265243,chair_twohand_endpoint_se3_boundary_freeze_suffix,1,current_run_contact_chord_constraint_gate
175,7.250000,-0.587272035,0.890342426,4.895769866,0.707954555,0.294790973,-0.300425895,0.567135709,0.205946617,0.870500674,-0.008241035,-0.885504111,0.235351421,1468.604736328,1468.604736328,640.000000000,360.000000000,3.272420645,0.928191317,3.811811698,chair_twohand_endpoint_se3_boundary_freeze_suffix,1,current_run_contact_chord_constraint_gate
176,7.291667,-0.587272035,0.890342426,4.895769866,0.707954555,0.294790973,-0.300425895,0.567135709,0.205946617,0.870500674,-0.008241035,-0.885504111,0.235351421,1468.604736328,1468.604736328,640.000000000,360.000000000,3.274800777,0.928805053,2.753065201,chair_twohand_endpoint_se3_boundary_freeze_suffix,1,current_run_contact_chord_constraint_gate
177,7.333333,-0.587272035,0.890342426,4.895769866,0.707954555,0.294790973,-0.300425895,0.567135709,0.205946617,0.870500674,-0.008241035,-0.885504111,0.235351421,1468.604736328,1468.604736328,640.000000000,360.000000000,3.344133615,0.928607832,2.534174778,chair_twohand_endpoint_se3_boundary_freeze_suffix,1,current_run_contact_chord_constraint_gate
178,7.375000,-0.587272035,0.890342426,4.895769866,0.707954555,0.294790973,-0.300425895,0.567135709,0.205946617,0.870500674,-0.008241035,-0.885504111,0.235351421,1468.604736328,1468.604736328,640.000000000,360.000000000,3.362713099,0.931662926,2.556592491,chair_twohand_endpoint_se3_boundary_freeze_suffix,1,current_run_contact_chord_constraint_gate
179,7.416667,-0.587272035,0.890342426,4.895769866,0.707954555,0.294790973,-0.300425895,0.567135709,0.205946617,0.870500674,-0.008241035,-0.885504111,0.235351421,1468.604736328,1468.604736328,640.000000000,360.000000000,3.347860336,0.932712081,2.760925534,chair_twohand_endpoint_se3_boundary_freeze_suffix,1,current_run_contact_chord_constraint_gate
180,7.458333,-0.587272035,0.890342426,4.895769866,0.707954555,0.294790973,-0.300425895,0.567135709,0.205946617,0.870500674,-0.008241035,-0.885504111,0.235351421,1468.604736328,1468.604736328,640.000000000,360.000000000,3.360274076,0.929815050,3.255741828,chair_twohand_endpoint_se3_boundary_freeze_suffix,1,current_run_contact_chord_constraint_gate
181,7.500000,-0.587272035,0.890342426,4.895769866,0.707954555,0.294790973,-0.300425895,0.567135709,0.205946617,0.870500674,-0.008241035,-0.885504111,0.235351421,1468.604736328,1468.604736328,640.000000000,360.000000000,3.357190132,0.932608180,3.393355439,chair_twohand_endpoint_se3_boundary_freeze_suffix,1,current_run_contact_chord_constraint_gate
182,7.541667,-0.587272035,0.890342426,4.895769866,0.707954555,0.294790973,-0.300425895,0.567135709,0.205946617,0.870500674,-0.008241035,-0.885504111,0.235351421,1468.604736328,1468.604736328,640.000000000,360.000000000,3.380881786,0.931039642,2.766024428,chair_twohand_endpoint_se3_boundary_freeze_suffix,1,current_run_contact_chord_constraint_gate
183,7.583333,-0.587272035,0.890342426,4.895769866,0.707954555,0.294790973,-0.300425895,0.567135709,0.205946617,0.870500674,-0.008241035,-0.885504111,0.235351421,1468.604736328,1468.604736328,640.000000000,360.000000000,3.369633436,0.932805666,3.519007477,chair_twohand_endpoint_se3_boundary_freeze_suffix,1,current_run_contact_chord_constraint_gate
184,7.625000,-0.587272035,0.890342426,4.895769866,0.707954555,0.294790973,-0.300425895,0.567135709,0.205946617,0.870500674,-0.008241035,-0.885504111,0.235351421,1468.604736328,1468.604736328,640.000000000,360.000000000,3.325347900,0.936011217,3.472048915,chair_twohand_endpoint_se3_boundary_freeze_suffix,1,current_run_contact_chord_constraint_gate
185,7.666667,-0.587272035,0.890342426,4.895769866,0.707954555,0.294790973,-0.300425895,0.567135709,0.205946617,0.870500674,-0.008241035,-0.885504111,0.235351421,1468.604736328,1468.604736328,640.000000000,360.000000000,3.362905741,0.933665560,3.540379313,chair_twohand_endpoint_se3_boundary_freeze_suffix,1,current_run_contact_chord_constraint_gate
186,7.708333,-0.587272035,0.890342426,4.895769866,0.707954555,0.294790973,-0.300425895,0.567135709,0.205946617,0.870500674,-0.008241035,-0.885504111,0.235351421,1468.604736328,1468.604736328,640.000000000,360.000000000,3.333547831,0.932656847,2.804391748,chair_twohand_endpoint_se3_boundary_freeze_suffix,1,current_run_contact_chord_constraint_gate
187,7.750000,-0.587272035,0.890342426,4.895769866,0.707954555,0.294790973,-0.300425895,0.567135709,0.205946617,0.870500674,-0.008241035,-0.885504111,0.235351421,1468.604736328,1468.604736328,640.000000000,360.000000000,3.316611767,0.934964518,2.752296285,chair_twohand_endpoint_se3_boundary_freeze_suffix,1,current_run_contact_chord_constraint_gate
188,7.791667,-0.587272035,0.890342426,4.895769866,0.707954555,0.294790973,-0.300425895,0.567135709,0.205946617,0.870500674,-0.008241035,-0.885504111,0.235351421,1468.604736328,1468.604736328,640.000000000,360.000000000,3.342989922,0.931955093,3.120661366,chair_twohand_endpoint_se3_boundary_freeze_suffix,1,current_run_contact_chord_constraint_gate
189,7.833333,-0.587272035,0.890342426,4.895769866,0.707954555,0.294790973,-0.300425895,0.567135709,0.205946617,0.870500674,-0.008241035,-0.885504111,0.235351421,1468.604736328,1468.604736328,640.000000000,360.000000000,3.358807802,0.935327208,2.579901801,chair_twohand_endpoint_se3_boundary_freeze_suffix,1,current_run_contact_chord_constraint_gate
190,7.875000,-0.587272035,0.890342426,4.895769866,0.707954555,0.294790973,-0.300425895,0.567135709,0.205946617,0.870500674,-0.008241035,-0.885504111,0.235351421,1468.604736328,1468.604736328,640.000000000,360.000000000,3.363629818,0.935327484,3.079562291,chair_twohand_endpoint_se3_boundary_freeze_suffix,1,current_run_contact_chord_constraint_gate
191,7.916667,-0.587272035,0.890342426,4.895769866,0.707954555,0.294790973,-0.300425895,0.567135709,0.205946617,0.870500674,-0.008241035,-0.885504111,0.235351421,1468.604736328,1468.604736328,640.000000000,360.000000000,3.356652021,0.934445660,2.478747902,chair_twohand_endpoint_se3_boundary_freeze_suffix,1,current_run_contact_chord_constraint_gate
192,7.958333,-0.587272035,0.890342426,4.895769866,0.707954555,0.294790973,-0.300425895,0.567135709,0.205946617,0.870500674,-0.008241035,-0.885504111,0.235351421,1468.604736328,1468.604736328,640.000000000,360.000000000,3.365378141,0.933580883,3.107730332,chair_twohand_endpoint_se3_boundary_freeze_suffix,1,current_run_contact_chord_constraint_gate
