frame,time,tx,ty,tz,qw,qx,qy,qz,radius_m,coord_frame,u_obs,v_obs,u_proj,v_proj,bottom_proj_v,floor_v,u_ref_obs,v_ref_obs,support_v_obs,depth_prior_m,contact_depth_offset_m,contact_frame,audio_contact_frame,source,se3_schema
1,0.000000,0.149006,-0.193934,2.857031,1.000000,0.000000,0.000000,0.000000,0.120000,gvhmr_incam,716.594,260.312,716.594,260.312,269.386,269.386,716.594,260.312,269.386,2.857031,,0,0,translation3_from_stage1_observation_backproject_uvz+generic_se3_pose_init,1
2,0.041667,0.146838,-0.199423,2.853763,1.000000,0.000000,0.000000,0.000000,0.120000,gvhmr_incam,715.566,257.373,715.566,257.373,266.954,266.954,715.566,257.373,266.954,2.853763,,0,0,translation3_from_stage1_observation_backproject_uvz+generic_se3_pose_init,1
3,0.083333,0.144731,-0.197135,2.855588,1.000000,0.000000,0.000000,0.000000,0.120000,gvhmr_incam,714.434,258.615,714.434,258.615,268.132,268.132,714.434,258.615,268.132,2.855588,,0,0,translation3_from_stage1_observation_backproject_uvz+generic_se3_pose_init,1
4,0.125000,0.141683,-0.183914,2.853763,1.000000,0.000000,0.000000,0.000000,0.120000,gvhmr_incam,712.913,265.354,712.913,265.354,275.024,275.024,712.913,265.354,275.024,2.853763,,0,0,translation3_from_stage1_observation_backproject_uvz+generic_se3_pose_init,1
5,0.166667,0.139083,-0.159529,2.853763,1.000000,0.000000,0.000000,0.000000,0.120000,gvhmr_incam,711.575,277.903,711.575,277.903,288.895,288.895,711.575,277.903,288.895,2.853763,,0,0,translation3_from_stage1_observation_backproject_uvz+generic_se3_pose_init,1
6,0.208333,0.136531,-0.120662,2.857414,1.000000,0.000000,0.000000,0.000000,0.120000,gvhmr_incam,710.172,297.984,710.172,297.984,309.608,309.608,710.172,297.984,309.608,2.857414,,0,0,translation3_from_stage1_observation_backproject_uvz+generic_se3_pose_init,1
7,0.250000,0.132638,-0.066454,2.857414,1.000000,0.000000,0.000000,0.000000,0.120000,gvhmr_incam,708.171,325.845,708.171,325.845,337.403,337.403,708.171,325.845,337.403,2.857414,,0,0,translation3_from_stage1_observation_backproject_uvz+generic_se3_pose_init,1
8,0.291667,0.129312,0.003829,2.857533,1.000000,0.000000,0.000000,0.000000,0.120000,gvhmr_incam,706.459,361.968,706.459,361.968,373.212,373.212,706.459,361.968,373.212,2.857533,,0,0,translation3_from_stage1_observation_backproject_uvz+generic_se3_pose_init,1
9,0.333333,0.124484,0.093644,2.881889,1.000000,0.000000,0.000000,0.000000,0.120000,gvhmr_incam,703.437,407.721,703.437,407.721,424.070,424.070,703.437,407.721,424.070,2.881889,,0,0,translation3_from_stage1_observation_backproject_uvz+generic_se3_pose_init,1
10,0.375000,0.119096,0.208537,2.892511,1.000000,0.000000,0.000000,0.000000,0.120000,gvhmr_incam,700.468,465.880,700.468,465.880,483.548,483.548,700.468,465.880,483.548,2.892511,,0,0,translation3_from_stage1_observation_backproject_uvz+generic_se3_pose_init,1
11,0.416667,0.120150,0.345099,2.916760,1.000000,0.000000,0.000000,0.000000,0.120000,gvhmr_incam,700.496,533.759,700.496,533.759,552.199,552.199,700.496,533.759,552.199,2.916760,,0,0,translation3_from_stage1_observation_backproject_uvz+generic_se3_pose_init,1
12,0.458333,0.116040,0.257989,2.916760,1.000000,0.000000,0.000000,0.000000,0.120000,gvhmr_incam,698.427,489.899,698.427,489.899,504.907,504.907,698.427,489.899,504.907,2.916760,,0,0,translation3_from_stage1_observation_backproject_uvz+generic_se3_pose_init,1
13,0.500000,0.116469,0.184439,2.916760,1.000000,0.000000,0.000000,0.000000,0.120000,gvhmr_incam,698.643,452.866,698.643,452.866,466.209,466.209,698.643,452.866,466.209,2.916760,,0,0,translation3_from_stage1_observation_backproject_uvz+generic_se3_pose_init,1
14,0.541667,0.116942,0.122074,2.916760,1.000000,0.000000,0.000000,0.000000,0.120000,gvhmr_incam,698.881,421.465,698.881,421.465,433.987,433.987,698.881,421.465,433.987,2.916760,,0,0,translation3_from_stage1_observation_backproject_uvz+generic_se3_pose_init,1
15,0.583333,0.115390,0.074027,2.872679,1.000000,0.000000,0.000000,0.000000,0.120000,gvhmr_incam,698.991,397.845,698.991,397.845,410.068,410.068,698.991,397.845,410.068,2.872679,,0,0,translation3_from_stage1_observation_backproject_uvz+generic_se3_pose_init,1
16,0.625000,0.115237,0.040740,2.858361,1.000000,0.000000,0.000000,0.000000,0.120000,gvhmr_incam,699.208,380.932,699.208,380.932,391.422,391.422,699.208,380.932,391.422,2.858361,,0,0,translation3_from_stage1_observation_backproject_uvz+generic_se3_pose_init,1
17,0.666667,0.143313,-0.000886,2.854522,1.000000,0.000000,0.000000,0.000000,0.120000,gvhmr_incam,713.732,359.544,713.732,359.544,370.096,370.096,713.732,359.544,370.096,2.854522,,0,0,translation3_from_stage1_observation_backproject_uvz+generic_se3_pose_init,1
18,0.708333,0.185343,-0.069361,2.812658,1.000000,0.000000,0.000000,0.000000,0.120000,gvhmr_incam,736.775,323.784,736.775,323.784,333.701,333.701,736.775,323.784,333.701,2.812658,,0,0,translation3_from_stage1_observation_backproject_uvz+generic_se3_pose_init,1
19,0.750000,0.220538,-0.125509,2.793065,1.000000,0.000000,0.000000,0.000000,0.120000,gvhmr_incam,755.960,294.007,755.960,294.007,305.582,305.582,755.960,294.007,305.582,2.793065,,0,0,translation3_from_stage1_observation_backproject_uvz+generic_se3_pose_init,1
20,0.791667,0.247802,-0.164864,2.763713,1.000000,0.000000,0.000000,0.000000,0.120000,gvhmr_incam,771.679,272.393,771.679,272.393,283.483,283.483,771.679,272.393,283.483,2.763713,,0,0,translation3_from_stage1_observation_backproject_uvz+generic_se3_pose_init,1
21,0.833333,0.270358,-0.191837,2.763713,1.000000,0.000000,0.000000,0.000000,0.120000,gvhmr_incam,783.665,258.060,783.665,258.060,267.406,267.406,783.665,258.060,267.406,2.763713,,0,0,translation3_from_stage1_observation_backproject_uvz+generic_se3_pose_init,1
22,0.875000,0.288844,-0.206708,2.740262,1.000000,0.000000,0.000000,0.000000,0.120000,gvhmr_incam,794.802,249.218,794.802,249.218,258.206,258.206,794.802,249.218,258.206,2.740262,,0,0,translation3_from_stage1_observation_backproject_uvz+generic_se3_pose_init,1
23,0.916667,0.301329,-0.211072,2.697550,1.000000,0.000000,0.000000,0.000000,0.120000,gvhmr_incam,804.050,245.088,804.050,245.088,254.005,254.005,804.050,245.088,254.005,2.697550,,0,0,translation3_from_stage1_observation_backproject_uvz+generic_se3_pose_init,1
24,0.958333,0.313035,-0.207569,2.681458,1.000000,0.000000,0.000000,0.000000,0.120000,gvhmr_incam,811.446,246.317,811.446,246.317,254.853,254.853,811.446,246.317,254.853,2.681458,,0,0,translation3_from_stage1_observation_backproject_uvz+generic_se3_pose_init,1
25,1.000000,0.307512,-0.210631,2.681458,1.000000,0.000000,0.000000,0.000000,0.120000,gvhmr_incam,808.421,244.640,808.421,244.640,251.445,251.445,808.421,244.640,251.445,2.681458,,0,0,translation3_from_stage1_observation_backproject_uvz+generic_se3_pose_init,1
26,1.041667,0.289845,-0.229828,2.681458,1.000000,0.000000,0.000000,0.000000,0.120000,gvhmr_incam,798.745,234.126,798.745,234.126,242.172,242.172,798.745,234.126,242.172,2.681458,,0,0,translation3_from_stage1_observation_backproject_uvz+generic_se3_pose_init,1
27,1.083333,0.270213,-0.246412,2.697550,1.000000,0.000000,0.000000,0.000000,0.120000,gvhmr_incam,787.110,225.848,787.110,225.848,234.580,234.580,787.110,225.848,234.580,2.697550,,0,0,translation3_from_stage1_observation_backproject_uvz+generic_se3_pose_init,1
28,1.125000,0.254467,-0.254590,2.744448,1.000000,0.000000,0.000000,0.000000,0.120000,gvhmr_incam,776.170,223.764,776.170,223.764,232.055,232.055,776.170,223.764,232.055,2.744448,,0,0,translation3_from_stage1_observation_backproject_uvz+generic_se3_pose_init,1
29,1.166667,0.233752,-0.251128,2.762601,1.000000,0.000000,0.000000,0.000000,0.120000,gvhmr_incam,764.263,226.500,764.263,226.500,233.067,233.067,764.263,226.500,233.067,2.762601,,0,0,translation3_from_stage1_observation_backproject_uvz+generic_se3_pose_init,1
30,1.208333,0.226079,-0.241183,2.840213,1.000000,0.000000,0.000000,0.000000,0.120000,gvhmr_incam,756.900,235.290,756.900,235.290,245.917,245.917,756.900,235.290,245.917,2.840213,,0,0,translation3_from_stage1_observation_backproject_uvz+generic_se3_pose_init,1
31,1.250000,0.213692,-0.224246,2.852991,1.000000,0.000000,0.000000,0.000000,0.120000,gvhmr_incam,750.000,244.567,750.000,244.567,252.385,252.385,750.000,244.567,252.385,2.852991,,0,0,translation3_from_stage1_observation_backproject_uvz+generic_se3_pose_init,1
32,1.291667,0.200652,-0.197670,2.873172,1.000000,0.000000,0.000000,0.000000,0.120000,gvhmr_incam,742.562,258.962,742.562,258.962,268.352,268.352,742.562,258.962,268.352,2.873172,,0,0,translation3_from_stage1_observation_backproject_uvz+generic_se3_pose_init,1
33,1.333333,0.179231,-0.132976,2.873172,1.000000,0.000000,0.000000,0.000000,0.120000,gvhmr_incam,731.613,292.030,731.613,292.030,311.075,311.075,731.613,292.030,311.075,2.873172,,0,0,translation3_from_stage1_observation_backproject_uvz+generic_se3_pose_init,1
34,1.375000,0.164770,-0.052566,2.899027,1.000000,0.000000,0.000000,0.000000,0.120000,gvhmr_incam,723.470,333.371,723.470,333.371,356.203,356.203,723.470,333.371,356.203,2.899027,,0,0,translation3_from_stage1_observation_backproject_uvz+generic_se3_pose_init,1
35,1.416667,0.146573,0.009800,2.909797,1.000000,0.000000,0.000000,0.000000,0.120000,gvhmr_incam,713.977,364.946,713.977,364.946,375.700,375.700,713.977,364.946,375.700,2.909797,,0,0,translation3_from_stage1_observation_backproject_uvz+generic_se3_pose_init,1
36,1.458333,0.122179,0.321376,2.910119,1.000000,0.000000,0.000000,0.000000,0.120000,gvhmr_incam,701.658,522.184,701.658,522.184,427.172,427.172,701.658,522.184,427.172,2.910119,,0,0,translation3_from_stage1_observation_backproject_uvz+generic_se3_pose_init,1
37,1.500000,0.110941,0.228993,2.914288,1.000000,0.000000,0.000000,0.000000,0.120000,gvhmr_incam,695.907,475.397,695.907,475.397,489.800,489.800,695.907,475.397,489.800,2.914288,,0,0,translation3_from_stage1_observation_backproject_uvz+generic_se3_pose_init,1
38,1.541667,0.108917,0.282147,2.914288,1.000000,0.000000,0.000000,0.000000,0.120000,gvhmr_incam,694.887,502.183,694.887,502.183,518.877,518.877,694.887,502.183,518.877,2.914288,,0,0,translation3_from_stage1_observation_backproject_uvz+generic_se3_pose_init,1
39,1.583333,0.112903,0.179862,2.910119,1.000000,0.000000,0.000000,0.000000,0.120000,gvhmr_incam,696.977,450.768,696.977,450.768,462.786,462.786,696.977,450.768,462.786,2.910119,,0,0,translation3_from_stage1_observation_backproject_uvz+generic_se3_pose_init,1
40,1.625000,0.115313,0.107854,2.910119,1.000000,0.000000,0.000000,0.000000,0.120000,gvhmr_incam,698.193,414.429,698.193,414.429,426.863,426.863,698.193,414.429,426.863,2.910119,,0,0,translation3_from_stage1_observation_backproject_uvz+generic_se3_pose_init,1
41,1.666667,0.114870,0.046004,2.885062,1.000000,0.000000,0.000000,0.000000,0.120000,gvhmr_incam,698.473,383.418,698.473,383.418,394.387,394.387,698.473,383.418,394.387,2.885062,,0,0,translation3_from_stage1_observation_backproject_uvz+generic_se3_pose_init,1
42,1.708333,0.115008,-0.002336,2.878093,1.000000,0.000000,0.000000,0.000000,0.120000,gvhmr_incam,698.685,358.808,698.685,358.808,369.995,369.995,698.685,358.808,369.995,2.878093,,0,0,translation3_from_stage1_observation_backproject_uvz+generic_se3_pose_init,1
43,1.750000,0.111364,-0.037405,2.799587,1.000000,0.000000,0.000000,0.000000,0.120000,gvhmr_incam,698.419,340.378,698.419,340.378,350.260,350.260,698.419,340.378,350.260,2.799587,,0,0,translation3_from_stage1_observation_backproject_uvz+generic_se3_pose_init,1
44,1.791667,0.105628,-0.056601,2.704130,1.000000,0.000000,0.000000,0.000000,0.120000,gvhmr_incam,697.366,329.260,697.366,329.260,339.034,339.034,697.366,329.260,339.034,2.704130,,0,0,translation3_from_stage1_observation_backproject_uvz+generic_se3_pose_init,1
45,1.833333,0.101182,-0.065310,2.666515,1.000000,0.000000,0.000000,0.000000,0.120000,gvhmr_incam,695.727,324.030,695.727,324.030,333.387,333.387,695.727,324.030,333.387,2.666515,,0,0,translation3_from_stage1_observation_backproject_uvz+generic_se3_pose_init,1
46,1.875000,0.075694,-0.050665,2.090137,1.000000,0.000000,0.000000,0.000000,0.120000,gvhmr_incam,693.185,324.401,693.185,324.401,333.199,333.199,693.185,324.401,333.199,2.090137,,0,0,translation3_from_stage1_observation_backproject_uvz+generic_se3_pose_init,1
47,1.916667,0.084680,-0.054503,2.090137,1.000000,0.000000,0.000000,0.000000,0.120000,gvhmr_incam,699.499,321.704,699.499,321.704,331.352,331.352,699.499,321.704,331.352,2.090137,,0,0,translation3_from_stage1_observation_backproject_uvz+generic_se3_pose_init,1
48,1.958333,0.121171,-0.080783,2.090137,1.000000,0.000000,0.000000,0.000000,0.120000,gvhmr_incam,725.139,303.239,725.139,303.239,315.319,315.319,725.139,303.239,315.319,2.090137,,0,0,translation3_from_stage1_observation_backproject_uvz+generic_se3_pose_init,1
49,2.000000,0.149775,-0.106657,2.090137,1.000000,0.000000,0.000000,0.000000,0.120000,gvhmr_incam,745.237,285.059,745.237,285.059,294.829,294.829,745.237,285.059,294.829,2.090137,,0,0,translation3_from_stage1_observation_backproject_uvz+generic_se3_pose_init,1
50,2.041667,0.220594,-0.156975,2.556384,1.000000,0.000000,0.000000,0.000000,0.120000,gvhmr_incam,766.728,269.820,766.728,269.820,279.734,279.734,766.728,269.820,279.734,2.556384,,0,0,translation3_from_stage1_observation_backproject_uvz+generic_se3_pose_init,1
51,2.083333,0.262204,-0.182331,2.670545,1.000000,0.000000,0.000000,0.000000,0.120000,gvhmr_incam,784.193,259.731,784.193,259.731,268.467,268.467,784.193,259.731,268.467,2.670545,,0,0,translation3_from_stage1_observation_backproject_uvz+generic_se3_pose_init,1
52,2.125000,0.287511,-0.192491,2.670545,1.000000,0.000000,0.000000,0.000000,0.120000,gvhmr_incam,798.110,254.144,798.110,254.144,263.904,263.904,798.110,254.144,263.904,2.670545,,0,0,translation3_from_stage1_observation_backproject_uvz+generic_se3_pose_init,1
53,2.166667,0.307983,-0.193915,2.672549,1.000000,0.000000,0.000000,0.000000,0.120000,gvhmr_incam,809.241,253.441,809.241,253.441,261.306,261.306,809.241,253.441,261.306,2.672549,,0,0,translation3_from_stage1_observation_backproject_uvz+generic_se3_pose_init,1
54,2.208333,0.297661,-0.211457,2.688443,1.000000,0.000000,0.000000,0.000000,0.120000,gvhmr_incam,802.602,244.488,802.602,244.488,251.492,251.492,802.602,244.488,251.492,2.688443,,0,0,translation3_from_stage1_observation_backproject_uvz+generic_se3_pose_init,1
55,2.250000,0.273427,-0.236370,2.688443,1.000000,0.000000,0.000000,0.000000,0.120000,gvhmr_incam,789.364,230.879,789.364,230.879,240.195,240.195,789.364,230.879,240.195,2.688443,,0,0,translation3_from_stage1_observation_backproject_uvz+generic_se3_pose_init,1
56,2.291667,0.251091,-0.249375,2.704167,1.000000,0.000000,0.000000,0.000000,0.120000,gvhmr_incam,776.365,224.567,776.365,224.567,234.287,234.287,776.365,224.567,234.287,2.704167,,0,0,translation3_from_stage1_observation_backproject_uvz+generic_se3_pose_init,1
57,2.333333,0.227345,-0.251504,2.713570,1.000000,0.000000,0.000000,0.000000,0.120000,gvhmr_incam,763.041,223.884,763.041,223.884,232.158,232.158,763.041,223.884,232.158,2.713570,,0,0,translation3_from_stage1_observation_backproject_uvz+generic_se3_pose_init,1
58,2.375000,0.205052,-0.246758,2.741127,1.000000,0.000000,0.000000,0.000000,0.120000,gvhmr_incam,749.860,227.795,749.860,227.795,236.914,236.914,749.860,227.795,236.914,2.741127,,0,0,translation3_from_stage1_observation_backproject_uvz+generic_se3_pose_init,1
59,2.416667,0.181724,-0.233229,2.770334,1.000000,0.000000,0.000000,0.000000,0.120000,gvhmr_incam,736.335,236.361,736.335,236.361,245.464,245.464,736.335,236.361,245.464,2.770334,,0,0,translation3_from_stage1_observation_backproject_uvz+generic_se3_pose_init,1
60,2.458333,0.156130,-0.208194,2.785994,1.000000,0.000000,0.000000,0.000000,0.120000,gvhmr_incam,722.302,250.253,722.302,250.253,260.162,260.162,722.302,250.253,260.162,2.785994,,0,0,translation3_from_stage1_observation_backproject_uvz+generic_se3_pose_init,1
61,2.500000,0.134173,-0.175129,2.835292,1.000000,0.000000,0.000000,0.000000,0.120000,gvhmr_incam,709.498,269.288,709.498,269.288,279.640,279.640,709.498,269.288,279.640,2.835292,,0,0,translation3_from_stage1_observation_backproject_uvz+generic_se3_pose_init,1
62,2.541667,0.110451,-0.129336,2.859814,1.000000,0.000000,0.000000,0.000000,0.120000,gvhmr_incam,696.720,293.582,696.720,293.582,302.839,302.839,696.720,293.582,302.839,2.859814,,0,0,translation3_from_stage1_observation_backproject_uvz+generic_se3_pose_init,1
63,2.583333,0.087289,-0.073847,2.875583,1.000000,0.000000,0.000000,0.000000,0.120000,gvhmr_incam,684.580,322.285,684.580,322.285,332.024,332.024,684.580,322.285,332.024,2.875583,,0,0,translation3_from_stage1_observation_backproject_uvz+generic_se3_pose_init,1
64,2.625000,0.063279,-0.010180,2.924118,1.000000,0.000000,0.000000,0.000000,0.120000,gvhmr_incam,671.781,354.887,671.781,354.887,364.141,364.141,671.781,354.887,364.141,2.924118,,0,0,translation3_from_stage1_observation_backproject_uvz+generic_se3_pose_init,1
65,2.666667,0.042867,0.059945,2.927587,1.000000,0.000000,0.000000,0.000000,0.120000,gvhmr_incam,661.504,390.071,661.504,390.071,399.314,399.314,661.504,390.071,399.314,2.927587,,0,0,translation3_from_stage1_observation_backproject_uvz+generic_se3_pose_init,1
66,2.708333,0.026471,0.065135,2.928441,1.000000,0.000000,0.000000,0.000000,0.120000,gvhmr_incam,653.275,392.665,653.275,392.665,403.207,403.207,653.275,392.665,403.207,2.928441,,0,0,translation3_from_stage1_observation_backproject_uvz+generic_se3_pose_init,1
67,2.750000,0.015437,0.013951,2.932838,1.000000,0.000000,0.000000,0.000000,0.120000,gvhmr_incam,647.730,366.986,647.730,366.986,376.950,376.950,647.730,366.986,376.950,2.932838,,0,0,translation3_from_stage1_observation_backproject_uvz+generic_se3_pose_init,1
68,2.791667,0.003011,-0.028694,2.928441,1.000000,0.000000,0.000000,0.000000,0.120000,gvhmr_incam,641.510,345.610,641.510,345.610,356.231,356.231,641.510,345.610,356.231,2.928441,,0,0,translation3_from_stage1_observation_backproject_uvz+generic_se3_pose_init,1
69,2.833333,-0.008528,-0.058990,2.927587,1.000000,0.000000,0.000000,0.000000,0.120000,gvhmr_incam,635.722,330.408,635.722,330.408,339.934,339.934,635.722,330.408,339.934,2.927587,,0,0,translation3_from_stage1_observation_backproject_uvz+generic_se3_pose_init,1
70,2.875000,-0.022838,-0.079258,2.932838,1.000000,0.000000,0.000000,0.000000,0.120000,gvhmr_incam,628.564,320.312,628.564,320.312,329.213,329.213,628.564,320.312,329.213,2.932838,,0,0,translation3_from_stage1_observation_backproject_uvz+generic_se3_pose_init,1
71,2.916667,-0.039749,-0.089273,2.927587,1.000000,0.000000,0.000000,0.000000,0.120000,gvhmr_incam,620.060,315.217,620.060,315.217,324.150,324.150,620.060,315.217,324.150,2.927587,,0,0,translation3_from_stage1_observation_backproject_uvz+generic_se3_pose_init,1
72,2.958333,-0.058015,-0.088237,2.875314,1.000000,0.000000,0.000000,0.000000,0.120000,gvhmr_incam,610.368,314.932,610.368,314.932,324.398,324.398,610.368,314.932,324.398,2.875314,,0,0,translation3_from_stage1_observation_backproject_uvz+generic_se3_pose_init,1
73,3.000000,-0.079467,-0.077797,2.875314,1.000000,0.000000,0.000000,0.000000,0.120000,gvhmr_incam,599.411,320.264,599.411,320.264,328.525,328.525,599.411,320.264,328.525,2.875314,,0,0,translation3_from_stage1_observation_backproject_uvz+generic_se3_pose_init,1
74,3.041667,-0.081012,-0.060873,2.517283,1.000000,0.000000,0.000000,0.000000,0.120000,gvhmr_incam,592.737,324.486,592.737,324.486,335.994,335.994,592.737,324.486,335.994,2.517283,,0,0,translation3_from_stage1_observation_backproject_uvz+generic_se3_pose_init,1
75,3.083333,-0.084949,-0.066518,2.517283,1.000000,0.000000,0.000000,0.000000,0.120000,gvhmr_incam,590.440,321.193,590.440,321.193,334.572,334.572,590.440,321.193,334.572,2.517283,,0,0,translation3_from_stage1_observation_backproject_uvz+generic_se3_pose_init,1
76,3.125000,-0.069514,-0.093187,2.549986,1.000000,0.000000,0.000000,0.000000,0.120000,gvhmr_incam,599.965,306.331,599.965,306.331,316.590,316.590,599.965,306.331,316.590,2.549986,,0,0,translation3_from_stage1_observation_backproject_uvz+generic_se3_pose_init,1
77,3.166667,-0.042530,-0.123073,2.549986,1.000000,0.000000,0.000000,0.000000,0.120000,gvhmr_incam,615.506,289.119,615.506,289.119,298.610,298.610,615.506,289.119,298.610,2.549986,,0,0,translation3_from_stage1_observation_backproject_uvz+generic_se3_pose_init,1
78,3.208333,-0.018279,-0.138764,2.565940,1.000000,0.000000,0.000000,0.000000,0.120000,gvhmr_incam,629.538,280.579,629.538,280.579,289.729,289.729,629.538,280.579,289.729,2.565940,,0,0,translation3_from_stage1_observation_backproject_uvz+generic_se3_pose_init,1
79,3.250000,0.004669,-0.143854,2.565940,1.000000,0.000000,0.000000,0.000000,0.120000,gvhmr_incam,642.672,277.666,642.672,277.666,287.640,287.640,642.672,277.666,287.640,2.565940,,0,0,translation3_from_stage1_observation_backproject_uvz+generic_se3_pose_init,1
80,3.291667,0.027695,-0.134729,2.549986,1.000000,0.000000,0.000000,0.000000,0.120000,gvhmr_incam,655.950,282.406,655.950,282.406,292.486,292.486,655.950,282.406,292.486,2.549986,,0,0,translation3_from_stage1_observation_backproject_uvz+generic_se3_pose_init,1
81,3.333333,0.049947,-0.115037,2.549986,1.000000,0.000000,0.000000,0.000000,0.120000,gvhmr_incam,668.766,293.747,668.766,293.747,303.737,303.737,668.766,293.747,303.737,2.549986,,0,0,translation3_from_stage1_observation_backproject_uvz+generic_se3_pose_init,1
82,3.375000,0.070301,-0.080262,2.493359,1.000000,0.000000,0.000000,0.000000,0.120000,gvhmr_incam,681.408,312.725,681.408,312.725,323.874,323.874,681.408,312.725,323.874,2.493359,,0,0,translation3_from_stage1_observation_backproject_uvz+generic_se3_pose_init,1
83,3.416667,0.091761,-0.036813,2.493359,1.000000,0.000000,0.000000,0.000000,0.120000,gvhmr_incam,694.048,338.317,694.048,338.317,351.585,351.585,694.048,338.317,351.585,2.493359,,0,0,translation3_from_stage1_observation_backproject_uvz+generic_se3_pose_init,1
84,3.458333,0.113106,0.017290,2.493359,1.000000,0.000000,0.000000,0.000000,0.120000,gvhmr_incam,706.620,370.184,706.620,370.184,382.367,382.367,706.620,370.184,382.367,2.493359,,0,0,translation3_from_stage1_observation_backproject_uvz+generic_se3_pose_init,1
85,3.500000,0.154862,-0.025529,2.493359,1.000000,0.000000,0.000000,0.000000,0.120000,gvhmr_incam,731.215,344.963,731.215,344.963,356.221,356.221,731.215,344.963,356.221,2.493359,,0,0,translation3_from_stage1_observation_backproject_uvz+generic_se3_pose_init,1
86,3.541667,0.219616,-0.099157,2.674276,1.000000,0.000000,0.000000,0.000000,0.120000,gvhmr_incam,760.604,305.547,760.604,305.547,317.114,317.114,760.604,305.547,317.114,2.674276,,0,0,translation3_from_stage1_observation_backproject_uvz+generic_se3_pose_init,1
87,3.583333,0.261465,-0.153800,2.674276,1.000000,0.000000,0.000000,0.000000,0.120000,gvhmr_incam,783.586,275.539,783.586,275.539,286.136,286.136,783.586,275.539,286.136,2.674276,,0,0,translation3_from_stage1_observation_backproject_uvz+generic_se3_pose_init,1
88,3.625000,0.294200,-0.191556,2.674276,1.000000,0.000000,0.000000,0.000000,0.120000,gvhmr_incam,801.563,254.805,801.563,254.805,264.607,264.607,801.563,254.805,264.607,2.674276,,0,0,translation3_from_stage1_observation_backproject_uvz+generic_se3_pose_init,1
89,3.666667,0.324341,-0.213763,2.678609,1.000000,0.000000,0.000000,0.000000,0.120000,gvhmr_incam,817.827,242.800,817.827,242.800,251.207,251.207,817.827,242.800,251.207,2.678609,,0,0,translation3_from_stage1_observation_backproject_uvz+generic_se3_pose_init,1
90,3.708333,0.310595,-0.228017,2.674276,1.000000,0.000000,0.000000,0.000000,0.120000,gvhmr_incam,810.566,234.782,810.566,234.782,241.932,241.932,810.566,234.782,241.932,2.674276,,0,0,translation3_from_stage1_observation_backproject_uvz+generic_se3_pose_init,1
91,3.750000,0.293765,-0.241243,2.674276,1.000000,0.000000,0.000000,0.000000,0.120000,gvhmr_incam,801.324,227.519,801.324,227.519,236.361,236.361,801.324,227.519,236.361,2.674276,,0,0,translation3_from_stage1_observation_backproject_uvz+generic_se3_pose_init,1
92,3.791667,0.279536,-0.243847,2.674276,1.000000,0.000000,0.000000,0.000000,0.120000,gvhmr_incam,793.510,226.089,793.510,226.089,236.030,236.030,793.510,226.089,236.030,2.674276,,0,0,translation3_from_stage1_observation_backproject_uvz+generic_se3_pose_init,1
93,3.833333,0.269097,-0.236390,2.678609,1.000000,0.000000,0.000000,0.000000,0.120000,gvhmr_incam,787.538,230.394,787.538,230.394,239.842,239.842,787.538,230.394,239.842,2.678609,,0,0,translation3_from_stage1_observation_backproject_uvz+generic_se3_pose_init,1
94,3.875000,0.258943,-0.220141,2.681230,1.000000,0.000000,0.000000,0.000000,0.120000,gvhmr_incam,781.832,239.421,781.832,239.421,248.793,248.793,781.832,239.421,248.793,2.681230,,0,0,translation3_from_stage1_observation_backproject_uvz+generic_se3_pose_init,1
95,3.916667,0.249690,-0.197567,2.693160,1.000000,0.000000,0.000000,0.000000,0.120000,gvhmr_incam,776.158,252.265,776.158,252.265,262.002,262.002,776.158,252.265,262.002,2.693160,,0,0,translation3_from_stage1_observation_backproject_uvz+generic_se3_pose_init,1
96,3.958333,0.241890,-0.167742,2.717648,1.000000,0.000000,0.000000,0.000000,0.120000,gvhmr_incam,770.716,269.353,770.716,269.353,280.099,280.099,770.716,269.353,280.099,2.717648,,0,0,translation3_from_stage1_observation_backproject_uvz+generic_se3_pose_init,1
97,4.000000,0.235088,-0.125782,2.747150,1.000000,0.000000,0.000000,0.000000,0.120000,gvhmr_incam,765.676,292.758,765.676,292.758,301.408,301.408,765.676,292.758,301.408,2.747150,,0,0,translation3_from_stage1_observation_backproject_uvz+generic_se3_pose_init,1
98,4.041667,0.227894,-0.079050,2.755980,1.000000,0.000000,0.000000,0.000000,0.120000,gvhmr_incam,761.440,317.876,761.440,317.876,327.347,327.347,761.440,317.876,327.347,2.755980,,0,0,translation3_from_stage1_observation_backproject_uvz+generic_se3_pose_init,1
99,4.083333,0.219101,-0.093727,2.756652,1.000000,0.000000,0.000000,0.000000,0.120000,gvhmr_incam,756.726,310.067,756.726,310.067,319.109,319.109,756.726,310.067,319.109,2.756652,,0,0,translation3_from_stage1_observation_backproject_uvz+generic_se3_pose_init,1
100,4.125000,0.213347,-0.119270,2.803205,1.000000,0.000000,0.000000,0.000000,0.120000,gvhmr_incam,751.773,297.514,751.773,297.514,307.376,307.376,751.773,297.514,307.376,2.803205,,0,0,translation3_from_stage1_observation_backproject_uvz+generic_se3_pose_init,1
101,4.166667,0.205485,-0.132580,2.803205,1.000000,0.000000,0.000000,0.000000,0.120000,gvhmr_incam,747.654,290.541,747.654,290.541,299.145,299.145,747.654,290.541,299.145,2.803205,,0,0,translation3_from_stage1_observation_backproject_uvz+generic_se3_pose_init,1
102,4.208333,0.196802,-0.136595,2.803226,1.000000,0.000000,0.000000,0.000000,0.120000,gvhmr_incam,743.104,288.438,743.104,288.438,297.133,297.133,743.104,288.438,297.133,2.803226,,0,0,translation3_from_stage1_observation_backproject_uvz+generic_se3_pose_init,1
103,4.250000,0.189208,-0.131774,2.813942,1.000000,0.000000,0.000000,0.000000,0.120000,gvhmr_incam,738.748,291.227,738.748,291.227,300.097,300.097,738.748,291.227,300.097,2.813942,,0,0,translation3_from_stage1_observation_backproject_uvz+generic_se3_pose_init,1
104,4.291667,0.180083,-0.115223,2.813942,1.000000,0.000000,0.000000,0.000000,0.120000,gvhmr_incam,733.986,299.865,733.986,299.865,309.698,309.698,733.986,299.865,309.698,2.813942,,0,0,translation3_from_stage1_observation_backproject_uvz+generic_se3_pose_init,1
105,4.333333,0.171522,-0.085274,2.813942,1.000000,0.000000,0.000000,0.000000,0.120000,gvhmr_incam,729.518,315.495,729.518,315.495,326.344,326.344,729.518,315.495,326.344,2.813942,,0,0,translation3_from_stage1_observation_backproject_uvz+generic_se3_pose_init,1
106,4.375000,0.162625,-0.039706,2.827152,1.000000,0.000000,0.000000,0.000000,0.120000,gvhmr_incam,724.478,339.374,724.478,339.374,351.392,351.392,724.478,339.374,351.392,2.827152,,0,0,translation3_from_stage1_observation_backproject_uvz+generic_se3_pose_init,1
107,4.416667,0.153347,0.024695,2.839537,1.000000,0.000000,0.000000,0.000000,0.120000,gvhmr_incam,719.311,372.772,719.311,372.772,386.158,386.158,719.311,372.772,386.158,2.839537,,0,0,translation3_from_stage1_observation_backproject_uvz+generic_se3_pose_init,1
108,4.458333,0.145547,0.110082,2.896786,1.000000,0.000000,0.000000,0.000000,0.120000,gvhmr_incam,713.789,415.809,713.789,415.809,430.054,430.054,713.789,415.809,430.054,2.896786,,0,0,translation3_from_stage1_observation_backproject_uvz+generic_se3_pose_init,1
109,4.500000,0.134803,0.213240,2.900813,1.000000,0.000000,0.000000,0.000000,0.120000,gvhmr_incam,708.247,467.958,708.247,467.958,483.638,483.638,708.247,467.958,483.638,2.900813,,0,0,translation3_from_stage1_observation_backproject_uvz+generic_se3_pose_init,1
110,4.541667,0.129108,0.295275,2.900813,1.000000,0.000000,0.000000,0.000000,0.120000,gvhmr_incam,705.364,509.490,705.364,509.490,521.563,521.563,705.364,509.490,521.563,2.900813,,0,0,translation3_from_stage1_observation_backproject_uvz+generic_se3_pose_init,1
111,4.583333,0.127330,0.207313,2.900813,1.000000,0.000000,0.000000,0.000000,0.120000,gvhmr_incam,704.464,464.957,704.464,464.957,477.896,477.896,704.464,464.957,477.896,2.900813,,0,0,translation3_from_stage1_observation_backproject_uvz+generic_se3_pose_init,1
112,4.625000,0.126225,0.126947,2.896786,1.000000,0.000000,0.000000,0.000000,0.120000,gvhmr_incam,703.993,424.359,703.993,424.359,436.008,436.008,703.993,424.359,436.008,2.896786,,0,0,translation3_from_stage1_observation_backproject_uvz+generic_se3_pose_init,1
113,4.666667,0.120444,0.059647,2.805735,1.000000,0.000000,0.000000,0.000000,0.120000,gvhmr_incam,703.044,391.221,703.044,391.221,403.340,403.340,703.044,391.221,403.340,2.805735,,0,0,translation3_from_stage1_observation_backproject_uvz+generic_se3_pose_init,1
114,4.708333,0.113407,0.008756,2.668342,1.000000,0.000000,0.000000,0.000000,0.120000,gvhmr_incam,702.417,364.819,702.417,364.819,375.186,375.186,702.417,364.819,375.186,2.668342,,0,0,translation3_from_stage1_observation_backproject_uvz+generic_se3_pose_init,1
115,4.750000,0.110611,-0.026389,2.668342,1.000000,0.000000,0.000000,0.000000,0.120000,gvhmr_incam,700.878,345.476,700.878,345.476,355.833,355.833,700.878,345.476,355.833,2.668342,,0,0,translation3_from_stage1_observation_backproject_uvz+generic_se3_pose_init,1
116,4.791667,0.104844,-0.050689,2.502838,1.000000,0.000000,0.000000,0.000000,0.120000,gvhmr_incam,701.520,330.257,701.520,330.257,339.757,339.757,701.520,330.257,339.757,2.502838,,0,0,translation3_from_stage1_observation_backproject_uvz+generic_se3_pose_init,1
117,4.833333,0.128296,-0.068215,2.502838,1.000000,0.000000,0.000000,0.000000,0.120000,gvhmr_incam,715.281,319.973,715.281,319.973,329.822,329.822,715.281,319.973,329.822,2.502838,,0,0,translation3_from_stage1_observation_backproject_uvz+generic_se3_pose_init,1
118,4.875000,0.136838,-0.105439,2.502838,1.000000,0.000000,0.000000,0.000000,0.120000,gvhmr_incam,720.293,298.131,720.293,298.131,310.128,310.128,720.293,298.131,310.128,2.502838,,0,0,translation3_from_stage1_observation_backproject_uvz+generic_se3_pose_init,1
119,4.916667,0.156595,-0.153668,2.666544,1.000000,0.000000,0.000000,0.000000,0.120000,gvhmr_incam,726.245,275.367,726.245,275.367,285.917,285.917,726.245,275.367,285.917,2.666544,,0,0,translation3_from_stage1_observation_backproject_uvz+generic_se3_pose_init,1
120,4.958333,0.182281,-0.188808,2.735886,1.000000,0.000000,0.000000,0.000000,0.120000,gvhmr_incam,737.847,258.649,737.847,258.649,268.395,268.395,737.847,258.649,268.395,2.735886,,0,0,translation3_from_stage1_observation_backproject_uvz+generic_se3_pose_init,1
121,5.000000,0.200675,-0.206756,2.735886,1.000000,0.000000,0.000000,0.000000,0.120000,gvhmr_incam,747.721,249.015,747.721,249.015,257.800,257.800,747.721,249.015,257.800,2.735886,,0,0,translation3_from_stage1_observation_backproject_uvz+generic_se3_pose_init,1
122,5.041667,0.217172,-0.213301,2.713741,1.000000,0.000000,0.000000,0.000000,0.120000,gvhmr_incam,757.528,244.567,757.528,244.567,253.732,253.732,757.528,244.567,253.732,2.713741,,0,0,translation3_from_stage1_observation_backproject_uvz+generic_se3_pose_init,1
123,5.083333,0.232433,-0.213236,2.716415,1.000000,0.000000,0.000000,0.000000,0.120000,gvhmr_incam,765.663,244.716,765.663,244.716,253.647,253.647,765.663,244.716,253.647,2.716415,,0,0,translation3_from_stage1_observation_backproject_uvz+generic_se3_pose_init,1
124,5.125000,0.247260,-0.203779,2.716415,1.000000,0.000000,0.000000,0.000000,0.120000,gvhmr_incam,773.679,249.829,773.679,249.829,258.267,258.267,773.679,249.829,258.267,2.716415,,0,0,translation3_from_stage1_observation_backproject_uvz+generic_se3_pose_init,1
125,5.166667,0.235310,-0.200997,2.716415,1.000000,0.000000,0.000000,0.000000,0.120000,gvhmr_incam,767.218,251.333,767.218,251.333,258.447,258.447,767.218,251.333,258.447,2.716415,,0,0,translation3_from_stage1_observation_backproject_uvz+generic_se3_pose_init,1
126,5.208333,0.203597,-0.217680,2.731770,1.000000,0.000000,0.000000,0.000000,0.120000,gvhmr_incam,749.454,242.975,749.454,242.975,251.546,251.546,749.454,242.975,251.546,2.731770,,0,0,translation3_from_stage1_observation_backproject_uvz+generic_se3_pose_init,1
127,5.250000,0.172021,-0.220622,2.731770,1.000000,0.000000,0.000000,0.000000,0.120000,gvhmr_incam,732.479,241.393,732.479,241.393,250.182,250.182,732.479,241.393,250.182,2.731770,,0,0,translation3_from_stage1_observation_backproject_uvz+generic_se3_pose_init,1
128,5.291667,0.141607,-0.220287,2.783669,1.000000,0.000000,0.000000,0.000000,0.120000,gvhmr_incam,714.709,243.781,714.709,243.781,253.266,253.266,714.709,243.781,253.266,2.783669,,0,0,translation3_from_stage1_observation_backproject_uvz+generic_se3_pose_init,1
129,5.333333,0.110233,-0.206632,2.807295,1.000000,0.000000,0.000000,0.000000,0.120000,gvhmr_incam,697.667,251.903,697.667,251.903,260.860,260.860,697.667,251.903,260.860,2.807295,,0,0,translation3_from_stage1_observation_backproject_uvz+generic_se3_pose_init,1
130,5.375000,0.079394,-0.188886,2.862432,1.000000,0.000000,0.000000,0.000000,0.120000,gvhmr_incam,680.734,263.090,680.734,263.090,272.595,272.595,680.734,263.090,272.595,2.862432,,0,0,translation3_from_stage1_observation_backproject_uvz+generic_se3_pose_init,1
131,5.416667,0.047696,-0.158397,2.886524,1.000000,0.000000,0.000000,0.000000,0.120000,gvhmr_incam,664.267,279.411,664.267,279.411,288.468,288.468,664.267,279.411,288.468,2.886524,,0,0,translation3_from_stage1_observation_backproject_uvz+generic_se3_pose_init,1
132,5.458333,0.014908,-0.121365,2.958189,1.000000,0.000000,0.000000,0.000000,0.120000,gvhmr_incam,647.401,299.748,647.401,299.748,309.962,309.962,647.401,299.748,309.962,2.958189,,0,0,translation3_from_stage1_observation_backproject_uvz+generic_se3_pose_init,1
133,5.500000,-0.017167,-0.072410,2.970284,1.000000,0.000000,0.000000,0.000000,0.120000,gvhmr_incam,631.512,324.198,631.512,324.198,333.182,333.182,631.512,324.198,333.182,2.970284,,0,0,translation3_from_stage1_observation_backproject_uvz+generic_se3_pose_init,1
134,5.541667,-0.049204,-0.010792,2.970284,1.000000,0.000000,0.000000,0.000000,0.120000,gvhmr_incam,615.672,354.664,615.672,354.664,364.087,364.087,615.672,354.664,364.087,2.970284,,0,0,translation3_from_stage1_observation_backproject_uvz+generic_se3_pose_init,1
135,5.583333,-0.057949,-0.018346,2.970284,1.000000,0.000000,0.000000,0.000000,0.120000,gvhmr_incam,611.348,350.929,611.348,350.929,361.229,361.229,611.348,350.929,361.229,2.970284,,0,0,translation3_from_stage1_observation_backproject_uvz+generic_se3_pose_init,1
136,5.625000,-0.037325,-0.088187,2.958189,1.000000,0.000000,0.000000,0.000000,0.120000,gvhmr_incam,621.470,316.219,621.470,316.219,325.681,325.681,621.470,316.219,325.681,2.958189,,0,0,translation3_from_stage1_observation_backproject_uvz+generic_se3_pose_init,1
137,5.666667,-0.020296,-0.144541,2.912843,1.000000,0.000000,0.000000,0.000000,0.120000,gvhmr_incam,629.767,287.125,629.767,287.125,296.091,296.091,629.767,287.125,296.091,2.912843,,0,0,translation3_from_stage1_observation_backproject_uvz+generic_se3_pose_init,1
138,5.708333,0.009684,-0.177281,2.893586,1.000000,0.000000,0.000000,0.000000,0.120000,gvhmr_incam,644.915,270.023,644.915,270.023,273.439,273.439,644.915,270.023,273.439,2.893586,,0,0,translation3_from_stage1_observation_backproject_uvz+generic_se3_pose_init,1
139,5.750000,0.035869,-0.158430,2.887212,1.000000,0.000000,0.000000,0.000000,0.120000,gvhmr_incam,658.245,279.413,658.245,279.413,252.955,252.955,658.245,279.413,252.955,2.887212,,0,0,translation3_from_stage1_observation_backproject_uvz+generic_se3_pose_init,1
140,5.791667,0.052160,-0.117406,2.887042,1.000000,0.000000,0.000000,0.000000,0.120000,gvhmr_incam,666.533,300.277,666.533,300.277,237.442,237.442,666.533,300.277,237.442,2.887042,,0,0,translation3_from_stage1_observation_backproject_uvz+generic_se3_pose_init,1
141,5.833333,0.080354,-0.003853,2.887042,1.000000,0.000000,0.000000,0.000000,0.120000,gvhmr_incam,680.875,358.040,680.875,358.040,228.864,228.864,680.875,358.040,228.864,2.887042,,0,0,translation3_from_stage1_observation_backproject_uvz+generic_se3_pose_init,1
142,5.875000,0.100806,0.080046,2.887212,1.000000,0.000000,0.000000,0.000000,0.120000,gvhmr_incam,691.276,400.716,691.276,400.716,225.782,225.782,691.276,400.716,225.782,2.887212,,0,0,translation3_from_stage1_observation_backproject_uvz+generic_se3_pose_init,1
143,5.916667,0.072583,-0.274573,2.887212,1.000000,0.000000,0.000000,0.000000,0.120000,gvhmr_incam,676.920,220.336,676.920,220.336,228.996,228.996,676.920,220.336,228.996,2.887212,,0,0,translation3_from_stage1_observation_backproject_uvz+generic_se3_pose_init,1
144,5.958333,0.118718,0.087505,2.887212,1.000000,0.000000,0.000000,0.000000,0.120000,gvhmr_incam,700.387,404.510,700.387,404.510,237.799,237.799,700.387,404.510,237.799,2.887212,,0,0,translation3_from_stage1_observation_backproject_uvz+generic_se3_pose_init,1
145,6.000000,0.130808,0.068789,2.879311,1.000000,0.000000,0.000000,0.000000,0.120000,gvhmr_incam,706.719,395.086,706.719,395.086,253.154,253.154,706.719,395.086,253.154,2.879311,,0,0,translation3_from_stage1_observation_backproject_uvz+generic_se3_pose_init,1
146,6.041667,0.133184,-0.031151,2.846080,1.000000,0.000000,0.000000,0.000000,0.120000,gvhmr_incam,708.724,343.926,708.724,343.926,275.991,275.991,708.724,343.926,275.991,2.846080,,0,0,translation3_from_stage1_observation_backproject_uvz+generic_se3_pose_init,1
147,6.083333,0.143790,-0.042637,2.846080,1.000000,0.000000,0.000000,0.000000,0.120000,gvhmr_incam,714.197,337.999,714.197,337.999,307.941,307.941,714.197,337.999,307.941,2.846080,,0,0,translation3_from_stage1_observation_backproject_uvz+generic_se3_pose_init,1
148,6.125000,0.144166,-0.032407,2.664322,1.000000,0.000000,0.000000,0.000000,0.120000,gvhmr_incam,719.466,342.137,719.466,342.137,347.862,347.862,719.466,342.137,347.862,2.664322,,0,0,translation3_from_stage1_observation_backproject_uvz+generic_se3_pose_init,1
149,6.166667,0.142438,-0.035521,2.450070,1.000000,0.000000,0.000000,0.000000,0.120000,gvhmr_incam,725.379,338.708,725.379,338.708,348.895,348.895,725.379,338.708,348.895,2.450070,,0,0,translation3_from_stage1_observation_backproject_uvz+generic_se3_pose_init,1
150,6.208333,0.152139,-0.038414,2.450070,1.000000,0.000000,0.000000,0.000000,0.120000,gvhmr_incam,731.194,336.974,731.194,336.974,347.732,347.732,731.194,336.974,347.732,2.450070,,0,0,translation3_from_stage1_observation_backproject_uvz+generic_se3_pose_init,1
151,6.250000,0.176715,-0.086195,2.423214,1.000000,0.000000,0.000000,0.000000,0.120000,gvhmr_incam,747.099,307.761,747.099,307.761,320.361,320.361,747.099,307.761,320.361,2.423214,,0,0,translation3_from_stage1_observation_backproject_uvz+generic_se3_pose_init,1
152,6.291667,0.216899,-0.135643,2.450070,1.000000,0.000000,0.000000,0.000000,0.120000,gvhmr_incam,770.012,278.694,770.012,278.694,290.107,290.107,770.012,278.694,290.107,2.450070,,0,0,translation3_from_stage1_observation_backproject_uvz+generic_se3_pose_init,1
153,6.333333,0.250388,-0.180330,2.450070,1.000000,0.000000,0.000000,0.000000,0.120000,gvhmr_incam,790.086,251.908,790.086,251.908,263.937,263.937,790.086,251.908,263.937,2.450070,,0,0,translation3_from_stage1_observation_backproject_uvz+generic_se3_pose_init,1
154,6.375000,0.295973,-0.223720,2.601705,1.000000,0.000000,0.000000,0.000000,0.120000,gvhmr_incam,807.070,233.715,807.070,233.715,243.732,243.732,807.070,233.715,243.732,2.601705,,0,0,translation3_from_stage1_observation_backproject_uvz+generic_se3_pose_init,1
155,6.416667,0.321653,-0.248722,2.618997,1.000000,0.000000,0.000000,0.000000,0.120000,gvhmr_incam,820.367,220.529,820.367,220.529,229.924,229.924,820.367,220.529,229.924,2.618997,,0,0,translation3_from_stage1_observation_backproject_uvz+generic_se3_pose_init,1
156,6.458333,0.342320,-0.263682,2.618997,1.000000,0.000000,0.000000,0.000000,0.120000,gvhmr_incam,831.956,212.140,831.956,212.140,221.623,221.623,831.956,212.140,221.623,2.618997,,0,0,translation3_from_stage1_observation_backproject_uvz+generic_se3_pose_init,1
157,6.500000,0.360808,-0.268769,2.601705,1.000000,0.000000,0.000000,0.000000,0.120000,gvhmr_incam,843.668,208.286,843.668,208.286,216.848,216.848,843.668,208.286,216.848,2.601705,,0,0,translation3_from_stage1_observation_backproject_uvz+generic_se3_pose_init,1
158,6.541667,0.373969,-0.271151,2.601705,1.000000,0.000000,0.000000,0.000000,0.120000,gvhmr_incam,851.097,206.941,851.097,206.941,214.405,214.405,851.097,206.941,214.405,2.601705,,0,0,translation3_from_stage1_observation_backproject_uvz+generic_se3_pose_init,1
159,6.583333,0.357581,-0.289761,2.599059,1.000000,0.000000,0.000000,0.000000,0.120000,gvhmr_incam,842.052,196.270,842.052,196.270,201.831,201.831,842.052,196.270,201.831,2.599059,,0,0,translation3_from_stage1_observation_backproject_uvz+generic_se3_pose_init,1
160,6.625000,0.338206,-0.311330,2.599059,1.000000,0.000000,0.000000,0.000000,0.120000,gvhmr_incam,831.104,184.082,831.104,184.082,192.708,192.708,831.104,184.082,192.708,2.599059,,0,0,translation3_from_stage1_observation_backproject_uvz+generic_se3_pose_init,1
161,6.666667,0.322189,-0.317760,2.592677,1.000000,0.000000,0.000000,0.000000,0.120000,gvhmr_incam,822.502,180.007,822.502,180.007,188.503,188.503,822.502,180.007,188.503,2.592677,,0,0,translation3_from_stage1_observation_backproject_uvz+generic_se3_pose_init,1
162,6.708333,0.308193,-0.318962,2.592677,1.000000,0.000000,0.000000,0.000000,0.120000,gvhmr_incam,814.574,179.326,814.574,179.326,187.236,187.236,814.574,179.326,187.236,2.592677,,0,0,translation3_from_stage1_observation_backproject_uvz+generic_se3_pose_init,1
163,6.750000,0.293268,-0.314705,2.599059,1.000000,0.000000,0.000000,0.000000,0.120000,gvhmr_incam,805.712,182.175,805.712,182.175,190.503,190.503,805.712,182.175,190.503,2.599059,,0,0,translation3_from_stage1_observation_backproject_uvz+generic_se3_pose_init,1
164,6.791667,0.280770,-0.303542,2.611994,1.000000,0.000000,0.000000,0.000000,0.120000,gvhmr_incam,797.864,189.332,797.864,189.332,197.801,197.801,797.864,189.332,197.801,2.611994,,0,0,translation3_from_stage1_observation_backproject_uvz+generic_se3_pose_init,1
165,6.833333,0.265903,-0.286685,2.618901,1.000000,0.000000,0.000000,0.000000,0.120000,gvhmr_incam,789.111,199.235,789.111,199.235,207.922,207.922,789.111,199.235,207.922,2.618901,,0,0,translation3_from_stage1_observation_backproject_uvz+generic_se3_pose_init,1
166,6.875000,0.259774,-0.270091,2.717104,1.000000,0.000000,0.000000,0.000000,0.120000,gvhmr_incam,780.409,214.015,780.409,214.015,222.741,222.741,780.409,214.015,222.741,2.717104,,0,0,translation3_from_stage1_observation_backproject_uvz+generic_se3_pose_init,1
167,6.916667,0.250391,-0.244134,2.791596,1.000000,0.000000,0.000000,0.000000,0.120000,gvhmr_incam,771.726,231.566,771.726,231.566,240.851,240.851,771.726,231.566,240.851,2.791596,,0,0,translation3_from_stage1_observation_backproject_uvz+generic_se3_pose_init,1
168,6.958333,0.237144,-0.205123,2.830320,1.000000,0.000000,0.000000,0.000000,0.120000,gvhmr_incam,763.050,253.565,763.050,253.565,262.307,262.307,763.050,253.565,262.307,2.830320,,0,0,translation3_from_stage1_observation_backproject_uvz+generic_se3_pose_init,1
169,7.000000,0.224359,-0.157834,2.859620,1.000000,0.000000,0.000000,0.000000,0.120000,gvhmr_incam,755.223,278.942,755.223,278.942,290.778,290.778,755.223,278.942,290.778,2.859620,,0,0,translation3_from_stage1_observation_backproject_uvz+generic_se3_pose_init,1
170,7.041667,0.209726,-0.098609,2.868070,1.000000,0.000000,0.000000,0.000000,0.120000,gvhmr_incam,747.391,309.507,747.391,309.507,321.731,321.731,747.391,309.507,321.731,2.868070,,0,0,translation3_from_stage1_observation_backproject_uvz+generic_se3_pose_init,1
171,7.083333,0.198125,-0.030911,2.915563,1.000000,0.000000,0.000000,0.000000,0.120000,gvhmr_incam,739.798,344.430,739.798,344.430,357.242,357.242,739.798,344.430,357.242,2.915563,,0,0,translation3_from_stage1_observation_backproject_uvz+generic_se3_pose_init,1
172,7.125000,0.183668,0.050184,2.924404,1.000000,0.000000,0.000000,0.000000,0.120000,gvhmr_incam,732.236,385.202,732.236,385.202,396.500,396.500,732.236,385.202,396.500,2.924404,,0,0,translation3_from_stage1_observation_backproject_uvz+generic_se3_pose_init,1
173,7.166667,0.169844,0.140260,2.924404,1.000000,0.000000,0.000000,0.000000,0.120000,gvhmr_incam,725.294,430.437,725.294,430.437,441.514,441.514,725.294,430.437,441.514,2.924404,,0,0,translation3_from_stage1_observation_backproject_uvz+generic_se3_pose_init,1
174,7.208333,0.153968,0.248293,2.924404,1.000000,0.000000,0.000000,0.000000,0.120000,gvhmr_incam,717.321,484.690,717.321,484.690,498.453,498.453,717.321,484.690,498.453,2.924404,,0,0,translation3_from_stage1_observation_backproject_uvz+generic_se3_pose_init,1
175,7.250000,0.140152,0.360079,2.924404,1.000000,0.000000,0.000000,0.000000,0.120000,gvhmr_incam,710.383,540.828,710.383,540.828,561.865,561.865,710.383,540.828,561.865,2.924404,,0,0,translation3_from_stage1_observation_backproject_uvz+generic_se3_pose_init,1
176,7.291667,0.122114,0.494439,2.919995,1.000000,0.000000,0.000000,0.000000,0.120000,gvhmr_incam,701.417,608.677,701.417,608.677,623.998,623.998,701.417,608.677,623.998,2.919995,,0,0,translation3_from_stage1_observation_backproject_uvz+generic_se3_pose_init,1
177,7.333333,0.112934,0.597313,2.919995,1.000000,0.000000,0.000000,0.000000,0.120000,gvhmr_incam,696.800,660.417,696.800,660.417,679.785,679.785,696.800,660.417,679.785,2.919995,,0,0,translation3_from_stage1_observation_backproject_uvz+generic_se3_pose_init,1
178,7.375000,0.115336,0.491840,2.916678,1.000000,0.000000,0.000000,0.000000,0.120000,gvhmr_incam,698.074,607.651,698.074,607.651,621.398,621.398,698.074,607.651,621.398,2.916678,,0,0,translation3_from_stage1_observation_backproject_uvz+generic_se3_pose_init,1
179,7.416667,0.117197,0.399329,2.916678,1.000000,0.000000,0.000000,0.000000,0.120000,gvhmr_incam,699.011,561.070,699.011,561.070,574.260,574.260,699.011,561.070,574.260,2.916678,,0,0,translation3_from_stage1_observation_backproject_uvz+generic_se3_pose_init,1
180,7.458333,0.117541,0.310546,2.916678,1.000000,0.000000,0.000000,0.000000,0.120000,gvhmr_incam,699.184,516.366,699.184,516.366,527.993,527.993,699.184,516.366,527.993,2.916678,,0,0,translation3_from_stage1_observation_backproject_uvz+generic_se3_pose_init,1
181,7.500000,0.121308,0.236549,2.916678,1.000000,0.000000,0.000000,0.000000,0.120000,gvhmr_incam,701.081,479.107,701.081,479.107,490.863,490.863,701.081,479.107,490.863,2.916678,,0,0,translation3_from_stage1_observation_backproject_uvz+generic_se3_pose_init,1
182,7.541667,0.124672,0.174182,2.916678,1.000000,0.000000,0.000000,0.000000,0.120000,gvhmr_incam,702.775,447.704,702.775,447.704,459.482,459.482,702.775,447.704,459.482,2.916678,,0,0,translation3_from_stage1_observation_backproject_uvz+generic_se3_pose_init,1
183,7.583333,0.121573,0.118904,2.766478,1.000000,0.000000,0.000000,0.000000,0.120000,gvhmr_incam,704.538,423.121,704.538,423.121,434.086,434.086,704.538,423.121,434.086,2.766478,,0,0,translation3_from_stage1_observation_backproject_uvz+generic_se3_pose_init,1
184,7.625000,0.113140,0.077661,2.524630,1.000000,0.000000,0.000000,0.000000,0.120000,gvhmr_incam,705.815,405.176,705.815,405.176,415.849,415.849,705.815,405.176,415.849,2.524630,,0,0,translation3_from_stage1_observation_backproject_uvz+generic_se3_pose_init,1
185,7.666667,0.115412,0.062202,2.516932,1.000000,0.000000,0.000000,0.000000,0.120000,gvhmr_incam,707.342,396.294,707.342,396.294,406.805,406.805,707.342,396.294,406.805,2.516932,,0,0,translation3_from_stage1_observation_backproject_uvz+generic_se3_pose_init,1
186,7.708333,0.114868,0.061325,2.490663,1.000000,0.000000,0.000000,0.000000,0.120000,gvhmr_incam,707.731,396.160,707.731,396.160,406.790,406.790,707.731,396.160,406.790,2.490663,,0,0,translation3_from_stage1_observation_backproject_uvz+generic_se3_pose_init,1
187,7.750000,0.117120,0.077791,2.490663,1.000000,0.000000,0.000000,0.000000,0.120000,gvhmr_incam,709.059,405.869,709.059,405.869,418.155,418.155,709.059,405.869,418.155,2.490663,,0,0,translation3_from_stage1_observation_backproject_uvz+generic_se3_pose_init,1
188,7.791667,0.117525,0.112166,2.490663,1.000000,0.000000,0.000000,0.000000,0.120000,gvhmr_incam,709.298,426.138,709.298,426.138,438.848,438.848,709.298,426.138,438.848,2.490663,,0,0,translation3_from_stage1_observation_backproject_uvz+generic_se3_pose_init,1
189,7.833333,0.115423,0.164278,2.439399,1.000000,0.000000,0.000000,0.000000,0.120000,gvhmr_incam,709.489,458.901,709.489,458.901,473.589,473.589,709.489,458.901,473.589,2.439399,,0,0,translation3_from_stage1_observation_backproject_uvz+generic_se3_pose_init,1
190,7.875000,0.113767,0.242536,2.439399,1.000000,0.000000,0.000000,0.000000,0.120000,gvhmr_incam,708.492,506.015,708.492,506.015,522.185,522.185,708.492,506.015,522.185,2.439399,,0,0,translation3_from_stage1_observation_backproject_uvz+generic_se3_pose_init,1
191,7.916667,0.118175,0.359466,2.555552,1.000000,0.000000,0.000000,0.000000,0.120000,gvhmr_incam,707.912,566.575,707.912,566.575,585.683,585.683,707.912,566.575,585.683,2.555552,,0,0,translation3_from_stage1_observation_backproject_uvz+generic_se3_pose_init,1
192,7.958333,0.126506,0.526089,2.823594,1.000000,0.000000,0.000000,0.000000,0.120000,gvhmr_incam,705.798,633.629,705.798,633.629,655.222,655.222,705.798,633.629,655.222,2.823594,,0,0,translation3_from_stage1_observation_backproject_uvz+generic_se3_pose_init,1
193,8.000000,0.126023,0.500510,2.863529,1.000000,0.000000,0.000000,0.000000,0.120000,gvhmr_incam,704.633,616.694,704.633,616.694,637.547,637.547,704.633,616.694,637.547,2.863529,,0,0,translation3_from_stage1_observation_backproject_uvz+generic_se3_pose_init,1
194,8.041667,0.126624,0.387798,2.863529,1.000000,0.000000,0.000000,0.000000,0.120000,gvhmr_incam,704.941,558.888,704.941,558.888,579.821,579.821,704.941,558.888,579.821,2.863529,,0,0,translation3_from_stage1_observation_backproject_uvz+generic_se3_pose_init,1
195,8.083333,0.123405,0.283601,2.863529,1.000000,0.000000,0.000000,0.000000,0.120000,gvhmr_incam,703.290,505.449,703.290,505.449,519.584,519.584,703.290,505.449,519.584,2.863529,,0,0,translation3_from_stage1_observation_backproject_uvz+generic_se3_pose_init,1
196,8.125000,0.122128,0.196209,2.863529,1.000000,0.000000,0.000000,0.000000,0.120000,gvhmr_incam,702.635,460.629,702.635,460.629,474.590,474.590,702.635,460.629,474.590,2.863529,,0,0,translation3_from_stage1_observation_backproject_uvz+generic_se3_pose_init,1
197,8.166667,0.121769,0.123042,2.863529,1.000000,0.000000,0.000000,0.000000,0.120000,gvhmr_incam,702.451,423.104,702.451,423.104,437.336,437.336,702.451,423.104,437.336,2.863529,,0,0,translation3_from_stage1_observation_backproject_uvz+generic_se3_pose_init,1
198,8.208333,0.120590,0.064381,2.844974,1.000000,0.000000,0.000000,0.000000,0.120000,gvhmr_incam,702.250,393.234,702.250,393.234,406.937,406.937,702.250,393.234,406.937,2.844974,,0,0,translation3_from_stage1_observation_backproject_uvz+generic_se3_pose_init,1
199,8.250000,0.118586,0.021488,2.812825,1.000000,0.000000,0.000000,0.000000,0.120000,gvhmr_incam,701.915,371.219,701.915,371.219,383.303,383.303,701.915,371.219,383.303,2.812825,,0,0,translation3_from_stage1_observation_backproject_uvz+generic_se3_pose_init,1
200,8.291667,0.147585,-0.040317,2.774464,1.000000,0.000000,0.000000,0.000000,0.120000,gvhmr_incam,718.121,338.659,718.121,338.659,351.179,351.179,718.121,338.659,351.179,2.774464,,0,0,translation3_from_stage1_observation_backproject_uvz+generic_se3_pose_init,1
201,8.333333,0.179306,-0.110203,2.743787,1.000000,0.000000,0.000000,0.000000,0.120000,gvhmr_incam,735.973,301.014,735.973,301.014,313.837,313.837,735.973,301.014,313.837,2.743787,,0,0,translation3_from_stage1_observation_backproject_uvz+generic_se3_pose_init,1
202,8.375000,0.210338,-0.167186,2.743787,1.000000,0.000000,0.000000,0.000000,0.120000,gvhmr_incam,752.583,270.514,752.583,270.514,281.037,281.037,752.583,270.514,281.037,2.743787,,0,0,translation3_from_stage1_observation_backproject_uvz+generic_se3_pose_init,1
203,8.416667,0.235396,-0.208685,2.743787,1.000000,0.000000,0.000000,0.000000,0.120000,gvhmr_incam,765.995,248.302,765.995,248.302,258.348,258.348,765.995,248.302,258.348,2.743787,,0,0,translation3_from_stage1_observation_backproject_uvz+generic_se3_pose_init,1
204,8.458333,0.256614,-0.233303,2.743787,1.000000,0.000000,0.000000,0.000000,0.120000,gvhmr_incam,777.352,235.125,777.352,235.125,244.583,244.583,777.352,235.125,244.583,2.743787,,0,0,translation3_from_stage1_observation_backproject_uvz+generic_se3_pose_init,1
205,8.500000,0.269746,-0.245169,2.708294,1.000000,0.000000,0.000000,0.000000,0.120000,gvhmr_incam,786.273,227.054,786.273,227.054,236.679,236.679,786.273,227.054,236.679,2.708294,,0,0,translation3_from_stage1_observation_backproject_uvz+generic_se3_pose_init,1
206,8.541667,0.279419,-0.242406,2.644230,1.000000,0.000000,0.000000,0.000000,0.120000,gvhmr_incam,795.189,225.368,795.189,225.368,234.832,234.832,795.189,225.368,234.832,2.644230,,0,0,translation3_from_stage1_observation_backproject_uvz+generic_se3_pose_init,1
207,8.583333,0.291793,-0.237269,2.644230,1.000000,0.000000,0.000000,0.000000,0.120000,gvhmr_incam,802.062,228.221,802.062,228.221,237.673,237.673,802.062,228.221,237.673,2.644230,,0,0,translation3_from_stage1_observation_backproject_uvz+generic_se3_pose_init,1
208,8.625000,0.296260,-0.225069,2.644230,1.000000,0.000000,0.000000,0.000000,0.120000,gvhmr_incam,804.543,234.997,804.543,234.997,242.018,242.018,804.543,234.997,242.018,2.644230,,0,0,translation3_from_stage1_observation_backproject_uvz+generic_se3_pose_init,1
209,8.666667,0.279284,-0.238374,2.644230,1.000000,0.000000,0.000000,0.000000,0.120000,gvhmr_incam,795.114,227.607,795.114,227.607,236.698,236.698,795.114,227.607,236.698,2.644230,,0,0,translation3_from_stage1_observation_backproject_uvz+generic_se3_pose_init,1
210,8.708333,0.265122,-0.242198,2.671713,1.000000,0.000000,0.000000,0.000000,0.120000,gvhmr_incam,785.734,226.867,785.734,226.867,236.034,236.034,785.734,226.867,236.034,2.671713,,0,0,translation3_from_stage1_observation_backproject_uvz+generic_se3_pose_init,1
211,8.750000,0.253435,-0.236696,2.723081,1.000000,0.000000,0.000000,0.000000,0.120000,gvhmr_incam,776.682,232.346,776.682,232.346,241.094,241.094,776.682,232.346,241.094,2.723081,,0,0,translation3_from_stage1_observation_backproject_uvz+generic_se3_pose_init,1
212,8.791667,0.238625,-0.218593,2.746679,1.000000,0.000000,0.000000,0.000000,0.120000,gvhmr_incam,767.589,243.122,767.589,243.122,252.560,252.560,767.589,243.122,252.560,2.746679,,0,0,translation3_from_stage1_observation_backproject_uvz+generic_se3_pose_init,1
213,8.833333,0.223960,-0.189870,2.785045,1.000000,0.000000,0.000000,0.000000,0.120000,gvhmr_incam,758.098,259.878,758.098,259.878,269.325,269.325,758.098,259.878,269.325,2.785045,,0,0,translation3_from_stage1_observation_backproject_uvz+generic_se3_pose_init,1
214,8.875000,0.209266,-0.148113,2.807349,1.000000,0.000000,0.000000,0.000000,0.120000,gvhmr_incam,749.473,282.518,749.473,282.518,293.648,293.648,749.473,282.518,293.648,2.807349,,0,0,translation3_from_stage1_observation_backproject_uvz+generic_se3_pose_init,1
215,8.916667,0.193548,-0.091767,2.834158,1.000000,0.000000,0.000000,0.000000,0.120000,gvhmr_incam,740.293,312.448,740.293,312.448,323.719,323.719,740.293,312.448,323.719,2.834158,,0,0,translation3_from_stage1_observation_backproject_uvz+generic_se3_pose_init,1
216,8.958333,0.178088,-0.021350,2.857716,1.000000,0.000000,0.000000,0.000000,0.120000,gvhmr_incam,731.521,349.028,731.521,349.028,360.034,360.034,731.521,349.028,360.034,2.857716,,0,0,translation3_from_stage1_observation_backproject_uvz+generic_se3_pose_init,1
217,9.000000,0.168060,0.065245,2.950016,1.000000,0.000000,0.000000,0.000000,0.120000,gvhmr_incam,723.665,392.481,723.665,392.481,405.587,405.587,723.665,392.481,405.587,2.950016,,0,0,translation3_from_stage1_observation_backproject_uvz+generic_se3_pose_init,1
218,9.041667,0.151086,0.169975,2.963444,1.000000,0.000000,0.000000,0.000000,0.120000,gvhmr_incam,714.874,444.235,714.874,444.235,456.387,456.387,714.874,444.235,456.387,2.963444,,0,0,translation3_from_stage1_observation_backproject_uvz+generic_se3_pose_init,1
219,9.083333,0.134713,0.286190,2.963444,1.000000,0.000000,0.000000,0.000000,0.120000,gvhmr_incam,706.760,501.828,706.760,501.828,518.954,518.954,706.760,501.828,518.954,2.963444,,0,0,translation3_from_stage1_observation_backproject_uvz+generic_se3_pose_init,1
220,9.125000,0.116251,0.402007,2.963444,1.000000,0.000000,0.000000,0.000000,0.120000,gvhmr_incam,697.611,559.224,697.611,559.224,571.395,571.395,697.611,559.224,571.395,2.963444,,0,0,translation3_from_stage1_observation_backproject_uvz+generic_se3_pose_init,1
221,9.166667,0.111418,0.345384,2.963444,1.000000,0.000000,0.000000,0.000000,0.120000,gvhmr_incam,695.216,531.163,695.216,531.163,542.676,542.676,695.216,531.163,542.676,2.963444,,0,0,translation3_from_stage1_observation_backproject_uvz+generic_se3_pose_init,1
222,9.208333,0.112088,0.275582,2.949523,1.000000,0.000000,0.000000,0.000000,0.120000,gvhmr_incam,695.810,497.216,695.810,497.216,507.781,507.781,695.810,497.216,507.781,2.949523,,0,0,translation3_from_stage1_observation_backproject_uvz+generic_se3_pose_init,1
223,9.250000,0.113240,0.217123,2.937574,1.000000,0.000000,0.000000,0.000000,0.120000,gvhmr_incam,696.613,468.548,696.613,468.548,478.541,478.541,696.613,468.548,478.541,2.937574,,0,0,translation3_from_stage1_observation_backproject_uvz+generic_se3_pose_init,1
224,9.291667,0.114422,0.176270,2.937574,1.000000,0.000000,0.000000,0.000000,0.120000,gvhmr_incam,697.204,448.124,697.204,448.124,459.153,459.153,697.204,448.124,459.153,2.937574,,0,0,translation3_from_stage1_observation_backproject_uvz+generic_se3_pose_init,1
225,9.333333,0.106745,0.211638,2.937574,1.000000,0.000000,0.000000,0.000000,0.120000,gvhmr_incam,693.366,465.806,693.366,465.806,449.910,449.910,693.366,465.806,449.910,2.937574,,0,0,translation3_from_stage1_observation_backproject_uvz+generic_se3_pose_init,1
226,9.375000,0.102839,0.405893,2.949523,1.000000,0.000000,0.000000,0.000000,0.120000,gvhmr_incam,691.205,562.099,691.205,562.099,451.319,451.319,691.205,562.099,451.319,2.949523,,0,0,translation3_from_stage1_observation_backproject_uvz+generic_se3_pose_init,1
227,9.416667,0.088852,0.175670,2.890999,1.000000,0.000000,0.000000,0.000000,0.120000,gvhmr_incam,685.136,449.239,685.136,449.239,460.298,460.298,685.136,449.239,460.298,2.890999,,0,0,translation3_from_stage1_observation_backproject_uvz+generic_se3_pose_init,1
228,9.458333,0.084588,0.356291,2.890999,1.000000,0.000000,0.000000,0.000000,0.120000,gvhmr_incam,682.970,540.993,682.970,540.993,477.905,477.905,682.970,540.993,477.905,2.890999,,0,0,translation3_from_stage1_observation_backproject_uvz+generic_se3_pose_init,1
229,9.500000,0.076392,0.248237,2.754886,1.000000,0.000000,0.000000,0.000000,0.120000,gvhmr_incam,680.724,492.333,680.724,492.333,505.059,505.059,680.724,492.333,505.059,2.754886,,0,0,translation3_from_stage1_observation_backproject_uvz+generic_se3_pose_init,1
230,9.541667,0.067506,0.148146,2.541440,1.000000,0.000000,0.000000,0.000000,0.120000,gvhmr_incam,679.009,445.608,679.009,445.608,457.649,457.649,679.009,445.608,457.649,2.541440,,0,0,translation3_from_stage1_observation_backproject_uvz+generic_se3_pose_init,1
231,9.583333,0.056281,0.080090,2.219998,1.000000,0.000000,0.000000,0.000000,0.120000,gvhmr_incam,677.232,412.982,677.232,412.982,424.655,424.655,677.232,412.982,424.655,2.219998,,0,0,translation3_from_stage1_observation_backproject_uvz+generic_se3_pose_init,1
232,9.625000,0.053160,0.046191,2.219998,1.000000,0.000000,0.000000,0.000000,0.120000,gvhmr_incam,675.167,390.557,675.167,390.557,400.314,400.314,675.167,390.557,400.314,2.219998,,0,0,translation3_from_stage1_observation_backproject_uvz+generic_se3_pose_init,1
233,9.666667,0.065669,0.001548,2.219998,1.000000,0.000000,0.000000,0.000000,0.120000,gvhmr_incam,683.442,361.024,683.442,361.024,373.809,373.809,683.442,361.024,373.809,2.219998,,0,0,translation3_from_stage1_observation_backproject_uvz+generic_se3_pose_init,1
234,9.708333,0.103373,-0.049535,2.219998,1.000000,0.000000,0.000000,0.000000,0.120000,gvhmr_incam,708.385,327.231,708.385,327.231,338.284,338.284,708.385,327.231,338.284,2.219998,,0,0,translation3_from_stage1_observation_backproject_uvz+generic_se3_pose_init,1
235,9.750000,0.175657,-0.121020,2.683284,1.000000,0.000000,0.000000,0.000000,0.120000,gvhmr_incam,736.140,293.764,736.140,293.764,304.973,304.973,736.140,293.764,304.973,2.683284,,0,0,translation3_from_stage1_observation_backproject_uvz+generic_se3_pose_init,1
236,9.791667,0.215532,-0.163176,2.683284,1.000000,0.000000,0.000000,0.000000,0.120000,gvhmr_incam,757.964,270.691,757.964,270.691,281.594,281.594,757.964,270.691,281.594,2.683284,,0,0,translation3_from_stage1_observation_backproject_uvz+generic_se3_pose_init,1
237,9.833333,0.251700,-0.192257,2.693456,1.000000,0.000000,0.000000,0.000000,0.120000,gvhmr_incam,777.239,255.172,777.239,255.172,264.068,264.068,777.239,255.172,264.068,2.693456,,0,0,translation3_from_stage1_observation_backproject_uvz+generic_se3_pose_init,1
238,9.875000,0.287788,-0.208181,2.724378,1.000000,0.000000,0.000000,0.000000,0.120000,gvhmr_incam,795.135,247.778,795.135,247.778,257.437,257.437,795.135,247.778,257.437,2.724378,,0,0,translation3_from_stage1_observation_backproject_uvz+generic_se3_pose_init,1
239,9.916667,0.293853,-0.206797,2.693456,1.000000,0.000000,0.000000,0.000000,0.120000,gvhmr_incam,800.223,247.244,800.223,247.244,252.796,252.796,800.223,247.244,252.796,2.693456,,0,0,translation3_from_stage1_observation_backproject_uvz+generic_se3_pose_init,1
240,9.958333,0.272541,-0.232108,2.688370,1.000000,0.000000,0.000000,0.000000,0.120000,gvhmr_incam,788.884,233.204,788.884,233.204,243.268,243.268,788.884,233.204,243.268,2.688370,,0,0,translation3_from_stage1_observation_backproject_uvz+generic_se3_pose_init,1
